 Sample   Time     Commanded Pos   Encoder 1 Pos   Encoder 2 Pos   Encoder 3 Pos 

[    0    0.000           -2987           -2399           -2952           -2987;
     1    0.009           -2987           -2399           -2952           -2987;
     2    0.018           -2987           -2398           -2952           -2987;
     3    0.027           -2987           -2397           -2952           -2987;
     4    0.035           -2987           -2396           -2952           -2987;
     5    0.044           -2987           -2395           -2952           -2987;
     6    0.053           -2987           -2394           -2952           -2987;
     7    0.062           -2987           -2393           -2952           -2987;
     8    0.071           -2987           -2392           -2952           -2987;
     9    0.080           -2987           -2390           -2952           -2987;
    10    0.089           -2987           -2389           -2952           -2987;
    11    0.097           -2987           -2387           -2952           -2987;
    12    0.106           -2987           -2386           -2952           -2987;
    13    0.115           -2987           -2385           -2952           -2987;
    14    0.124           -2987           -2384           -2952           -2987;
    15    0.133           -2987           -2384           -2952           -2987;
    16    0.142           -2987           -2384           -2952           -2987;
    17    0.151           -2987           -2384           -2952           -2987;
    18    0.159           -2987           -2384           -2952           -2987;
    19    0.168           -2987           -2384           -2952           -2987;
    20    0.177           -2987           -2384           -2952           -2987;
    21    0.186           -2987           -2384           -2952           -2987;
    22    0.195           -2987           -2384           -2952           -2987;
    23    0.204           -2987           -2383           -2952           -2987;
    24    0.213           -2987           -2381           -2952           -2987;
    25    0.221           -2987           -2379           -2952           -2987;
    26    0.230           -2987           -2376           -2952           -2987;
    27    0.239           -2987           -2372           -2952           -2987;
    28    0.248           -2987           -2370           -2952           -2987;
    29    0.257           -2987           -2367           -2952           -2987;
    30    0.266           -2987           -2365           -2952           -2987;
    31    0.274           -2987           -2365           -2952           -2987;
    32    0.283           -2987           -2365           -2952           -2987;
    33    0.292           -2987           -2365           -2952           -2987;
    34    0.301           -2987           -2365           -2952           -2987;
    35    0.310           -2987           -2365           -2952           -2987;
    36    0.319           -2987           -2365           -2952           -2987;
    37    0.328           -2987           -2365           -2952           -2987;
    38    0.336           -2987           -2365           -2952           -2987;
    39    0.345           -2987           -2365           -2952           -2987;
    40    0.354           -2987           -2363           -2952           -2987;
    41    0.363           -2987           -2362           -2952           -2987;
    42    0.372           -2987           -2361           -2952           -2987;
    43    0.381           -2987           -2361           -2952           -2987;
    44    0.390           -2987           -2361           -2952           -2987;
    45    0.398           -2987           -2361           -2952           -2987;
    46    0.407           -2987           -2361           -2952           -2987;
    47    0.416           -2987           -2361           -2952           -2987;
    48    0.425           -2987           -2361           -2952           -2987;
    49    0.434           -2987           -2361           -2952           -2987;
    50    0.443           -2987           -2361           -2952           -2987;
    51    0.452           -2987           -2361           -2952           -2987;
    52    0.460           -2987           -2361           -2952           -2987;
    53    0.469           -2987           -2361           -2952           -2987;
    54    0.478           -2987           -2361           -2952           -2987;
    55    0.487           -2987           -2361           -2952           -2987;
    56    0.496           -2987           -2361           -2952           -2987;
    57    0.505           -2987           -2361           -2952           -2987;
    58    0.514           -2987           -2361           -2952           -2987;
    59    0.522           -2987           -2361           -2952           -2987;
    60    0.531           -2987           -2361           -2952           -2987;
    61    0.540           -2987           -2361           -2952           -2987;
    62    0.549           -2987           -2361           -2952           -2987;
    63    0.558           -2987           -2361           -2952           -2987;
    64    0.567           -2987           -2361           -2952           -2987;
    65    0.576           -2987           -2358           -2952           -2987;
    66    0.584           -2987           -2357           -2952           -2987;
    67    0.593           -2987           -2356           -2952           -2987;
    68    0.602           -2987           -2355           -2952           -2987;
    69    0.611           -2987           -2355           -2952           -2987;
    70    0.620           -2987           -2355           -2952           -2987;
    71    0.629           -2987           -2355           -2952           -2987;
    72    0.638           -2987           -2355           -2952           -2987;
    73    0.646           -2987           -2355           -2952           -2987;
    74    0.655           -2987           -2355           -2952           -2987;
    75    0.664           -2987           -2355           -2952           -2987;
    76    0.673           -2987           -2355           -2952           -2987;
    77    0.682           -2987           -2355           -2952           -2987;
    78    0.691           -2987           -2355           -2952           -2987;
    79    0.699           -2987           -2355           -2952           -2987;
    80    0.708           -2987           -2355           -2952           -2987;
    81    0.717           -2987           -2355           -2952           -2987;
    82    0.726           -2987           -2355           -2952           -2987;
    83    0.735           -2987           -2355           -2952           -2987;
    84    0.744           -2987           -2355           -2952           -2987;
    85    0.753           -2987           -2355           -2952           -2987;
    86    0.761           -2987           -2355           -2952           -2987;
    87    0.770           -2987           -2355           -2952           -2987;
    88    0.779           -2987           -2355           -2952           -2987;
    89    0.788           -2987           -2355           -2952           -2987;
    90    0.797           -2987           -2355           -2952           -2987;
    91    0.806           -2987           -2355           -2952           -2987;
    92    0.815           -2987           -2355           -2952           -2987;
    93    0.823           -2987           -2355           -2952           -2987;
    94    0.832           -2987           -2354           -2952           -2987;
    95    0.841           -2987           -2353           -2952           -2987;
    96    0.850           -2987           -2352           -2952           -2987;
    97    0.859           -2987           -2350           -2952           -2987;
    98    0.868           -2987           -2349           -2952           -2987;
    99    0.877           -2987           -2347           -2952           -2987;
   100    0.885           -2987           -2347           -2952           -2987;
   101    0.894           -2987           -2347           -2952           -2987;
   102    0.903           -2987           -2347           -2952           -2987;
   103    0.912           -2987           -2347           -2952           -2987;
   104    0.921           -2987           -2347           -2952           -2987;
   105    0.930           -2987           -2347           -2952           -2987;
   106    0.939           -2987           -2346           -2952           -2987;
   107    0.947           -2987           -2346           -2952           -2987;
   108    0.956           -2987           -2346           -2952           -2987;
   109    0.965           -2987           -2344           -2952           -2987;
   110    0.974           -2987           -2343           -2952           -2987;
   111    0.983           -2987           -2341           -2952           -2987;
   112    0.992           -2987           -2337           -2952           -2987;
   113    1.001           -2987           -2333           -2952           -2987;
   114    1.009           -2987           -2325           -2952           -2987;
   115    1.018           -2987           -2314           -2952           -2987;
   116    1.027           -2987           -2298           -2952           -2987;
   117    1.036           -2987           -2273           -2952           -2987;
   118    1.045           -2987           -2240           -2952           -2987;
   119    1.054           -2987           -2194           -2952           -2987;
   120    1.063           -2987           -2133           -2952           -2987;
   121    1.071           -2987           -2057           -2952           -2987;
   122    1.080           -2987           -1964           -2952           -2987;
   123    1.089           -2987           -1855           -2952           -2987;
   124    1.098           -2987           -1732           -2952           -2987;
   125    1.107           -2987           -1597           -2952           -2987;
   126    1.116           -2987           -1454           -2952           -2987;
   127    1.124           -2987           -1306           -2952           -2987;
   128    1.133           -2987           -1160           -2952           -2987;
   129    1.142           -2987           -1018           -2952           -2987;
   130    1.151           -2987            -885           -2952           -2987;
   131    1.160           -2987            -761           -2952           -2987;
   132    1.169           -2987            -639           -2952           -2987;
   133    1.178           -2987            -511           -2952           -2987;
   134    1.186           -2987            -370           -2952           -2987;
   135    1.195           -2987            -221           -2952           -2987;
   136    1.204           -2987             -72           -2952           -2987;
   137    1.213           -2987              69           -2952           -2987;
   138    1.222           -2987             195           -2952           -2987;
   139    1.231           -2987             303           -2952           -2987;
   140    1.240           -2987             388           -2952           -2987;
   141    1.248           -2987             447           -2952           -2987;
   142    1.257           -2987             479           -2952           -2987;
   143    1.266           -2987             485           -2952           -2987;
   144    1.275           -2987             464           -2952           -2987;
   145    1.284           -2987             423           -2952           -2987;
   146    1.293           -2987             364           -2952           -2987;
   147    1.302           -2987             292           -2952           -2987;
   148    1.310           -2987             211           -2952           -2987;
   149    1.319           -2987             124           -2952           -2987;
   150    1.328           -2987              37           -2952           -2987;
   151    1.337           -2987             -46           -2952           -2987;
   152    1.346           -2987            -123           -2952           -2987;
   153    1.355           -2987            -188           -2952           -2987;
   154    1.364           -2987            -240           -2952           -2987;
   155    1.372           -2987            -275           -2952           -2987;
   156    1.381           -2987            -295           -2952           -2987;
   157    1.390           -2987            -299           -2952           -2987;
   158    1.399           -2987            -286           -2952           -2987;
   159    1.408           -2987            -261           -2952           -2987;
   160    1.417           -2987            -226           -2952           -2987;
   161    1.426           -2987            -183           -2952           -2987;
   162    1.434           -2987            -135           -2952           -2987;
   163    1.443           -2987             -85           -2952           -2987;
   164    1.452           -2987             -34           -2952           -2987;
   165    1.461           -2987              15           -2952           -2987;
   166    1.470           -2987              58           -2952           -2987;
   167    1.479           -2987              93           -2952           -2987;
   168    1.488           -2987             119           -2952           -2987;
   169    1.496           -2987             134           -2952           -2987;
   170    1.505           -2987             139           -2952           -2987;
   171    1.514           -2987             136           -2952           -2987;
   172    1.523           -2987             123           -2952           -2987;
   173    1.532           -2987             106           -2952           -2987;
   174    1.541           -2987              85           -2952           -2987;
   175    1.549           -2987              62           -2952           -2987;
   176    1.558           -2987              38           -2952           -2987;
   177    1.567           -2987              15           -2952           -2987;
   178    1.576           -2987              -7           -2952           -2987;
   179    1.585           -2987             -26           -2952           -2987;
   180    1.594           -2987             -41           -2952           -2987;
   181    1.603           -2987             -52           -2952           -2987;
   182    1.611           -2987             -57           -2952           -2987;
   183    1.620           -2987             -59           -2952           -2987;
   184    1.629           -2987             -55           -2952           -2987;
   185    1.638           -2987             -50           -2952           -2987;
   186    1.647           -2987             -44           -2952           -2987;
   187    1.656           -2987             -38           -2952           -2987;
   188    1.665           -2987             -32           -2952           -2987;
   189    1.673           -2987             -28           -2952           -2987;
   190    1.682           -2987             -25           -2952           -2987;
   191    1.691           -2987             -24           -2952           -2987;
   192    1.700           -2987             -24           -2952           -2987;
   193    1.709           -2987             -24           -2952           -2987;
   194    1.718           -2987             -26           -2952           -2987;
   195    1.727           -2987             -27           -2952           -2987;
   196    1.735           -2987             -27           -2952           -2987;
   197    1.744           -2987             -27           -2952           -2987;
   198    1.753           -2987             -27           -2952           -2987;
   199    1.762           -2987             -27           -2952           -2987;
   200    1.771           -2987             -27           -2952           -2987;
   201    1.780           -2987             -27           -2952           -2987;
   202    1.789           -2987             -27           -2952           -2987;
   203    1.797           -2987             -27           -2952           -2987;
   204    1.806           -2987             -27           -2952           -2987;
   205    1.815           -2987             -27           -2952           -2987;
   206    1.824           -2987             -27           -2952           -2987;
   207    1.833           -2987             -27           -2952           -2987;
   208    1.842           -2987             -27           -2952           -2987;
   209    1.851           -2987             -27           -2952           -2987;
   210    1.859           -2987             -27           -2952           -2987;
   211    1.868           -2987             -27           -2952           -2987;
   212    1.877           -2987             -27           -2952           -2987;
   213    1.886           -2987             -27           -2952           -2987;
   214    1.895           -2987             -27           -2952           -2987;
   215    1.904           -2987             -27           -2952           -2987;
   216    1.913           -2987             -27           -2952           -2987;
   217    1.921           -2987             -27           -2952           -2987;
   218    1.930           -2987             -27           -2952           -2987;
   219    1.939           -2987             -27           -2952           -2987;
   220    1.948           -2987             -27           -2952           -2987;
   221    1.957           -2987             -27           -2952           -2987;
   222    1.966           -2987             -27           -2952           -2987;
   223    1.974           -2987             -27           -2952           -2987;
   224    1.983           -2987             -27           -2952           -2987;
   225    1.992           -2987             -27           -2952           -2987;
   226    2.001           -2987             -27           -2952           -2987;
   227    2.010           -2987             -27           -2952           -2987;
   228    2.019           -2987             -27           -2952           -2987;
   229    2.028           -2987             -27           -2952           -2987;
   230    2.036           -2987             -27           -2952           -2987;
   231    2.045           -2987             -27           -2952           -2987;
   232    2.054           -2987             -27           -2952           -2987;
   233    2.063           -2987             -27           -2952           -2987;
   234    2.072           -2987             -27           -2952           -2987;
   235    2.081           -2987             -27           -2952           -2987;
   236    2.090           -2987             -27           -2952           -2987;
   237    2.098           -2987             -27           -2952           -2987;
   238    2.107           -2987             -27           -2952           -2987;
   239    2.116           -2987             -27           -2952           -2987;
   240    2.125           -2987             -27           -2952           -2987;
   241    2.134           -2987             -27           -2952           -2987;
   242    2.143           -2987             -27           -2952           -2987;
   243    2.152           -2987             -27           -2952           -2987;
   244    2.160           -2987             -27           -2952           -2987;
   245    2.169           -2987             -27           -2952           -2987;
   246    2.178           -2987             -27           -2952           -2987;
   247    2.187           -2987             -27           -2952           -2987;
   248    2.196           -2987             -27           -2952           -2987;
   249    2.205           -2987             -27           -2952           -2987;
   250    2.214           -2987             -27           -2952           -2987;
   251    2.222           -2987             -27           -2952           -2987;
   252    2.231           -2987             -27           -2952           -2987;
   253    2.240           -2987             -27           -2952           -2987;
   254    2.249           -2987             -27           -2952           -2987;
   255    2.258           -2987             -27           -2952           -2987;
   256    2.267           -2987             -27           -2952           -2987;
   257    2.276           -2987             -27           -2952           -2987;
   258    2.284           -2987             -27           -2952           -2987;
   259    2.293           -2987             -27           -2952           -2987;
   260    2.302           -2987             -27           -2952           -2987;
   261    2.311           -2987             -27           -2952           -2987;
   262    2.320           -2987             -27           -2952           -2987;
   263    2.329           -2987             -27           -2952           -2987;
   264    2.338           -2987             -27           -2952           -2987;
   265    2.346           -2987             -27           -2952           -2987;
   266    2.355           -2987             -27           -2952           -2987;
   267    2.364           -2987             -27           -2952           -2987;
   268    2.373           -2987             -27           -2952           -2987;
   269    2.382           -2987             -27           -2952           -2987;
   270    2.391           -2987             -27           -2952           -2987;
   271    2.399           -2987             -27           -2952           -2987;
   272    2.408           -2987             -27           -2952           -2987;
   273    2.417           -2987             -27           -2952           -2987;
   274    2.426           -2987             -27           -2952           -2987;
   275    2.435           -2987             -27           -2952           -2987;
   276    2.444           -2987             -27           -2952           -2987;
   277    2.453           -2987             -27           -2952           -2987;
   278    2.461           -2987             -27           -2952           -2987;
   279    2.470           -2987             -27           -2952           -2987;
   280    2.479           -2987             -27           -2952           -2987;
   281    2.488           -2987             -27           -2952           -2987;
   282    2.497           -2987             -27           -2952           -2987;
   283    2.506           -2987             -27           -2952           -2987;
   284    2.515           -2987             -27           -2952           -2987;
   285    2.523           -2987             -27           -2952           -2987;
   286    2.532           -2987             -27           -2952           -2987;
   287    2.541           -2987             -27           -2952           -2987;
   288    2.550           -2987             -27           -2952           -2987;
   289    2.559           -2987             -27           -2952           -2987;
   290    2.568           -2987             -27           -2952           -2987;
   291    2.577           -2987             -27           -2952           -2987;
   292    2.585           -2987             -27           -2952           -2987;
   293    2.594           -2987             -27           -2952           -2987;
   294    2.603           -2987             -27           -2952           -2987;
   295    2.612           -2987             -27           -2952           -2987;
   296    2.621           -2987             -27           -2952           -2987;
   297    2.630           -2987             -27           -2952           -2987;
   298    2.639           -2987             -27           -2952           -2987;
   299    2.647           -2987             -27           -2952           -2987;
   300    2.656           -2987             -27           -2952           -2987;
   301    2.665           -2987             -27           -2952           -2987;
   302    2.674           -2987             -27           -2952           -2987;
   303    2.683           -2987             -27           -2952           -2987;
   304    2.692           -2987             -27           -2952           -2987;
   305    2.701           -2987             -27           -2952           -2987;
   306    2.709           -2987             -27           -2952           -2987;
   307    2.718           -2987             -27           -2952           -2987;
   308    2.727           -2987             -27           -2952           -2987;
   309    2.736           -2987             -27           -2952           -2987;
   310    2.745           -2987             -27           -2952           -2987;
   311    2.754           -2987             -27           -2952           -2987;
   312    2.763           -2987             -27           -2952           -2987;
   313    2.771           -2987             -27           -2952           -2987;
   314    2.780           -2987             -27           -2952           -2987;
   315    2.789           -2987             -27           -2952           -2987;
   316    2.798           -2987             -27           -2952           -2987;
   317    2.807           -2987             -27           -2952           -2987;
   318    2.816           -2987             -27           -2952           -2987;
   319    2.824           -2987             -27           -2952           -2987;
   320    2.833           -2987             -27           -2952           -2987;
   321    2.842           -2987             -27           -2952           -2987;
   322    2.851           -2987             -27           -2952           -2987;
   323    2.860           -2987             -27           -2952           -2987;
   324    2.869           -2987             -27           -2952           -2987;
   325    2.878           -2987             -27           -2952           -2987;
   326    2.886           -2987             -27           -2952           -2987;
   327    2.895           -2987             -27           -2952           -2987;
   328    2.904           -2987             -27           -2952           -2987;
   329    2.913           -2987             -27           -2952           -2987;
   330    2.922           -2987             -27           -2952           -2987;
   331    2.931           -2987             -27           -2952           -2987;
   332    2.940           -2987             -27           -2952           -2987;
   333    2.948           -2987             -27           -2952           -2987;
   334    2.957           -2987             -27           -2952           -2987;
   335    2.966           -2987             -27           -2952           -2987;
   336    2.975           -2987             -27           -2952           -2987;
   337    2.984           -2987             -27           -2952           -2987;
   338    2.993           -2987             -27           -2952           -2987;
   339    3.002           -2987             -27           -2952           -2987;
   340    3.010           -2987             -27           -2952           -2987;
   341    3.019           -2987             -27           -2952           -2987;
   342    3.028           -2987             -27           -2952           -2987;
   343    3.037           -2987             -27           -2952           -2987;
   344    3.046           -2987             -27           -2952           -2987;
   345    3.055           -2987             -27           -2952           -2987;
   346    3.064           -2987             -27           -2952           -2987;
   347    3.072           -2987             -27           -2952           -2987;
   348    3.081           -2987             -27           -2952           -2987;
   349    3.090           -2987             -27           -2952           -2987;
   350    3.099           -2987             -27           -2952           -2987;
   351    3.108           -2987             -27           -2952           -2987;
   352    3.117           -2987             -27           -2952           -2987;
   353    3.126           -2987             -27           -2952           -2987;
   354    3.134           -2987             -27           -2952           -2987;
   355    3.143           -2987             -27           -2952           -2987;
   356    3.152           -2987             -27           -2952           -2987;
   357    3.161           -2987             -27           -2952           -2987;
   358    3.170           -2987             -27           -2952           -2987;
   359    3.179           -2987             -27           -2952           -2987;
   360    3.188           -2987             -27           -2952           -2987;
   361    3.196           -2987             -27           -2952           -2987;
   362    3.205           -2987             -27           -2952           -2987;
   363    3.214           -2987             -27           -2952           -2987;
   364    3.223           -2987             -27           -2952           -2987;
   365    3.232           -2987             -27           -2952           -2987;
   366    3.241           -2987             -27           -2952           -2987;
   367    3.249           -2987             -27           -2952           -2987;
   368    3.258           -2987             -27           -2952           -2987;
   369    3.267           -2987             -27           -2952           -2987;
   370    3.276           -2987             -27           -2952           -2987;
   371    3.285           -2987             -27           -2952           -2987;
   372    3.294           -2987             -27           -2952           -2987;
   373    3.303           -2987             -27           -2952           -2987;
   374    3.311           -2987             -27           -2952           -2987;
   375    3.320           -2987             -27           -2952           -2987;
   376    3.329           -2987             -27           -2952           -2987;
   377    3.338           -2987             -27           -2952           -2987;
   378    3.347           -2987             -27           -2952           -2987;
   379    3.356           -2987             -27           -2952           -2987;
   380    3.365           -2987             -27           -2952           -2987;
   381    3.373           -2987             -27           -2952           -2987;
   382    3.382           -2987             -27           -2952           -2987;
   383    3.391           -2987             -27           -2952           -2987;
   384    3.400           -2987             -27           -2952           -2987;
   385    3.409           -2987             -27           -2952           -2987;
   386    3.418           -2987             -27           -2952           -2987;
   387    3.427           -2987             -27           -2952           -2987;
   388    3.435           -2987             -27           -2952           -2987;
   389    3.444           -2987             -27           -2952           -2987;
   390    3.453           -2987             -27           -2952           -2987;
   391    3.462           -2987             -27           -2952           -2987;
   392    3.471           -2987             -27           -2952           -2987;
   393    3.480           -2987             -27           -2952           -2987;
   394    3.489           -2987             -27           -2952           -2987;
   395    3.497           -2987             -27           -2952           -2987;
   396    3.506           -2987             -27           -2952           -2987;
   397    3.515           -2987             -27           -2952           -2987;
   398    3.524           -2987             -27           -2952           -2987;
   399    3.533           -2987             -27           -2952           -2987;
   400    3.542           -2987             -27           -2952           -2987;
   401    3.551           -2987             -27           -2952           -2987;
   402    3.559           -2987             -27           -2952           -2987;
   403    3.568           -2987             -27           -2952           -2987;
   404    3.577           -2987             -27           -2952           -2987;
   405    3.586           -2987             -27           -2952           -2987;
   406    3.595           -2987             -27           -2952           -2987;
   407    3.604           -2987             -27           -2952           -2987;
   408    3.613           -2987             -27           -2952           -2987;
   409    3.621           -2987             -27           -2952           -2987;
   410    3.630           -2987             -27           -2952           -2987;
   411    3.639           -2987             -27           -2952           -2987;
   412    3.648           -2987             -27           -2952           -2987;
   413    3.657           -2987             -27           -2952           -2987;
   414    3.666           -2987             -27           -2952           -2987;
   415    3.674           -2987             -27           -2952           -2987;
   416    3.683           -2987             -27           -2952           -2987;
   417    3.692           -2987             -27           -2952           -2987;
   418    3.701           -2987             -27           -2952           -2987;
   419    3.710           -2987             -27           -2952           -2987;
   420    3.719           -2987             -27           -2952           -2987;
   421    3.728           -2987             -27           -2952           -2987;
   422    3.736           -2987             -27           -2952           -2987;
   423    3.745           -2987             -27           -2952           -2987;
   424    3.754           -2987             -27           -2952           -2987;
   425    3.763           -2987             -27           -2952           -2987;
   426    3.772           -2987             -27           -2952           -2987;
   427    3.781           -2987             -27           -2952           -2987;
   428    3.790           -2987             -27           -2952           -2987;
   429    3.798           -2987             -27           -2952           -2987;
   430    3.807           -2987             -27           -2952           -2987;
   431    3.816           -2987             -27           -2952           -2987;
   432    3.825           -2987             -27           -2952           -2987;
   433    3.834           -2987             -27           -2952           -2987;
   434    3.843           -2987             -27           -2952           -2987;
   435    3.852           -2987             -27           -2952           -2987;
   436    3.860           -2987             -27           -2952           -2987;
   437    3.869           -2987             -27           -2952           -2987;
   438    3.878           -2987             -27           -2952           -2987;
   439    3.887           -2987             -27           -2952           -2987;
   440    3.896           -2987             -27           -2952           -2987;
   441    3.905           -2987             -27           -2952           -2987;
   442    3.914           -2987             -27           -2952           -2987;
   443    3.922           -2987             -27           -2952           -2987;
   444    3.931           -2987             -27           -2952           -2987;
   445    3.940           -2987             -27           -2952           -2987;
   446    3.949           -2987             -27           -2952           -2987;
   447    3.958           -2987             -27           -2952           -2987;
   448    3.967           -2987             -27           -2952           -2987;
   449    3.976           -2987             -27           -2952           -2987;
   450    3.984           -2987             -27           -2952           -2987;
   451    3.993           -2987             -27           -2952           -2987;
   452    4.002           -2987             -27           -2952           -2987;
   453    4.011           -2987             -27           -2952           -2987;
   454    4.020           -2987             -27           -2952           -2987;
   455    4.029           -2987             -27           -2952           -2987;
   456    4.038           -2987             -27           -2952           -2987;
   457    4.046           -2987             -27           -2952           -2987;
   458    4.055           -2987             -27           -2952           -2987;
   459    4.064           -2987             -27           -2952           -2987;
   460    4.073           -2987             -27           -2952           -2987;
   461    4.082           -2987             -27           -2952           -2987;
   462    4.091           -2987             -27           -2952           -2987;
   463    4.099           -2987             -27           -2952           -2987;
   464    4.108           -2987             -27           -2952           -2987;
   465    4.117           -2987             -27           -2952           -2987;
   466    4.126           -2987             -27           -2952           -2987;
   467    4.135           -2987             -27           -2952           -2987;
   468    4.144           -2987             -27           -2952           -2987;
   469    4.153           -2987             -27           -2952           -2987;
   470    4.161           -2987             -27           -2952           -2987;
   471    4.170           -2987             -27           -2952           -2987;
   472    4.179           -2987             -27           -2952           -2987;
   473    4.188           -2987             -27           -2952           -2987;
   474    4.197           -2987             -27           -2952           -2987;
   475    4.206           -2987             -27           -2952           -2987;
   476    4.215           -2987             -27           -2952           -2987;
   477    4.223           -2987             -27           -2952           -2987;
   478    4.232           -2987             -27           -2952           -2987;
   479    4.241           -2987             -27           -2952           -2987;
   480    4.250           -2987             -27           -2952           -2987;
   481    4.259           -2987             -27           -2952           -2987;
   482    4.268           -2987             -27           -2952           -2987;
   483    4.277           -2987             -27           -2952           -2987;
   484    4.285           -2987             -27           -2952           -2987;
   485    4.294           -2987             -27           -2952           -2987;
   486    4.303           -2987             -27           -2952           -2987;
   487    4.312           -2987             -27           -2952           -2987;
   488    4.321           -2987             -27           -2952           -2987;
   489    4.330           -2987             -27           -2952           -2987;
   490    4.339           -2987             -27           -2952           -2987;
   491    4.347           -2987             -27           -2952           -2987;
   492    4.356           -2987             -27           -2952           -2987;
   493    4.365           -2987             -27           -2952           -2987;
   494    4.374           -2987             -27           -2952           -2987;
   495    4.383           -2987             -27           -2952           -2987;
   496    4.392           -2987             -27           -2952           -2987;
   497    4.401           -2987             -27           -2952           -2987;
   498    4.409           -2987             -27           -2952           -2987;
   499    4.418           -2987             -27           -2952           -2987;
   500    4.427           -2987             -27           -2952           -2987;
   501    4.436           -2987             -27           -2952           -2987;
   502    4.445           -2987             -27           -2952           -2987;
   503    4.454           -2987             -27           -2952           -2987;
   504    4.463           -2987             -27           -2952           -2987;
   505    4.471           -2987             -27           -2952           -2987;
   506    4.480           -2987             -27           -2952           -2987;
   507    4.489           -2987             -27           -2952           -2987;
   508    4.498           -2987             -27           -2952           -2987;
   509    4.507           -2987             -27           -2952           -2987;
   510    4.516           -2987             -27           -2952           -2987;
   511    4.524           -2987             -27           -2952           -2987;
   512    4.533           -2987             -27           -2952           -2987;
   513    4.542           -2987             -27           -2952           -2987;
   514    4.551           -2987             -27           -2952           -2987;
   515    4.560           -2987             -27           -2952           -2987;
   516    4.569           -2987             -27           -2952           -2987;
   517    4.578           -2987             -27           -2952           -2987;
   518    4.586           -2987             -27           -2952           -2987;
   519    4.595           -2987             -27           -2952           -2987;
   520    4.604           -2987             -27           -2952           -2987;
   521    4.613           -2987             -27           -2952           -2987;
   522    4.622           -2987             -27           -2952           -2987;
   523    4.631           -2987             -27           -2952           -2987;
   524    4.640           -2987             -27           -2952           -2987;
   525    4.648           -2987             -27           -2952           -2987;
   526    4.657           -2987             -27           -2952           -2987;
   527    4.666           -2987             -27           -2952           -2987;
   528    4.675           -2987             -27           -2952           -2987;
   529    4.684           -2987             -27           -2952           -2987;
   530    4.693           -2987             -27           -2952           -2987;
   531    4.702           -2987             -27           -2952           -2987;
   532    4.710           -2987             -27           -2952           -2987;
   533    4.719           -2987             -27           -2952           -2987;
   534    4.728           -2987             -27           -2952           -2987;
   535    4.737           -2987             -27           -2952           -2987;
   536    4.746           -2987             -27           -2952           -2987;
   537    4.755           -2987             -27           -2952           -2987;
   538    4.764           -2987             -27           -2952           -2987;
   539    4.772           -2987             -27           -2952           -2987;
   540    4.781           -2987             -27           -2952           -2987;
   541    4.790           -2987             -27           -2952           -2987;
   542    4.799           -2987             -27           -2952           -2987;
   543    4.808           -2987             -27           -2952           -2987;
   544    4.817           -2987             -27           -2952           -2987;
   545    4.826           -2987             -27           -2952           -2987;
   546    4.834           -2987             -27           -2952           -2987;
   547    4.843           -2987             -27           -2952           -2987;
   548    4.852           -2987             -27           -2952           -2987;
   549    4.861           -2987             -27           -2952           -2987;
   550    4.870           -2987             -27           -2952           -2987;
   551    4.879           -2987             -27           -2952           -2987;
   552    4.888           -2987             -27           -2952           -2987;
   553    4.896           -2987             -27           -2952           -2987;
   554    4.905           -2987             -27           -2952           -2987;
   555    4.914           -2987             -27           -2952           -2987;
   556    4.923           -2987             -27           -2952           -2987;
   557    4.932           -2987             -27           -2952           -2987;
   558    4.941           -2987             -27           -2952           -2987;
   559    4.949           -2987             -27           -2952           -2987;
   560    4.958           -2987             -27           -2952           -2987;
   561    4.967           -2987             -27           -2952           -2987;
   562    4.976           -2987             -27           -2952           -2987;
   563    4.985           -2987             -27           -2952           -2987;
   564    4.994           -2987             -27           -2952           -2987;
   565    5.003           -2987             -27           -2952           -2987;
   566    5.011           -2987             -27           -2952           -2987;
   567    5.020           -2987             -27           -2952           -2987;
   568    5.029           -2987             -27           -2952           -2987;
   569    5.038           -2987             -27           -2952           -2987;
   570    5.047           -2987             -27           -2952           -2987;
   571    5.056           -2987             -27           -2952           -2987;
   572    5.065           -2987             -27           -2952           -2987;
   573    5.073           -2987             -27           -2952           -2987;
   574    5.082           -2987             -27           -2952           -2987;
   575    5.091           -2987             -27           -2952           -2987;
   576    5.100           -2987             -27           -2952           -2987;
   577    5.109           -2987             -27           -2952           -2987;
   578    5.118           -2987             -27           -2952           -2987;
   579    5.127           -2987             -27           -2952           -2987;
   580    5.135           -2987             -27           -2952           -2987;
   581    5.144           -2987             -27           -2952           -2987;
   582    5.153           -2987             -27           -2952           -2987;
   583    5.162           -2987             -27           -2952           -2987;
   584    5.171           -2987             -27           -2952           -2987;
   585    5.180           -2987             -27           -2952           -2987;
   586    5.189           -2987             -27           -2952           -2987;
   587    5.197           -2987             -27           -2952           -2987;
   588    5.206           -2987             -27           -2952           -2987;
   589    5.215           -2987             -27           -2952           -2987;
   590    5.224           -2987             -27           -2952           -2987;
   591    5.233           -2987             -27           -2952           -2987;
   592    5.242           -2987             -27           -2952           -2987;
   593    5.251           -2987             -27           -2952           -2987;
   594    5.259           -2987             -27           -2952           -2987;
   595    5.268           -2987             -27           -2952           -2987;
   596    5.277           -2987             -27           -2952           -2987;
   597    5.286           -2987             -27           -2952           -2987;
   598    5.295           -2987             -27           -2952           -2987;
   599    5.304           -2987             -27           -2952           -2987;
   600    5.313           -2987             -27           -2952           -2987;
   601    5.321           -2987             -27           -2952           -2987;
   602    5.330           -2987             -27           -2952           -2987;
   603    5.339           -2987             -27           -2952           -2987;
   604    5.348           -2987             -27           -2952           -2987;
   605    5.357           -2987             -27           -2952           -2987;
   606    5.366           -2987             -27           -2952           -2987;
   607    5.374           -2987             -27           -2952           -2987;
   608    5.383           -2987             -27           -2952           -2987;
   609    5.392           -2987             -27           -2952           -2987;
   610    5.401           -2987             -27           -2952           -2987;
   611    5.410           -2987             -27           -2952           -2987;
   612    5.419           -2987             -27           -2952           -2987;
   613    5.428           -2987             -27           -2952           -2987;
   614    5.436           -2987             -27           -2952           -2987;
   615    5.445           -2987             -27           -2952           -2987;
   616    5.454           -2987             -27           -2952           -2987;
   617    5.463           -2987             -27           -2952           -2987;
   618    5.472           -2987             -27           -2952           -2987;
   619    5.481           -2987             -27           -2952           -2987;
   620    5.490           -2987             -27           -2952           -2987;
   621    5.498           -2987             -27           -2952           -2987;
   622    5.507           -2987             -27           -2952           -2987;
   623    5.516           -2987             -27           -2952           -2987;
   624    5.525           -2987             -27           -2952           -2987;
   625    5.534           -2987             -27           -2952           -2987;
   626    5.543           -2987             -27           -2952           -2987;
   627    5.552           -2987             -27           -2952           -2987;
   628    5.560           -2987             -27           -2952           -2987;
   629    5.569           -2987             -27           -2952           -2987;
   630    5.578           -2987             -27           -2952           -2987;
   631    5.587           -2987             -27           -2952           -2987;
   632    5.596           -2987             -27           -2952           -2987;
   633    5.605           -2987             -27           -2952           -2987;
   634    5.614           -2987             -27           -2952           -2987;
   635    5.622           -2987             -27           -2952           -2987;
   636    5.631           -2987             -27           -2952           -2987;
   637    5.640           -2987             -27           -2952           -2987;
   638    5.649           -2987             -27           -2952           -2987;
   639    5.658           -2987             -27           -2952           -2987;
   640    5.667           -2987             -27           -2952           -2987;
   641    5.676           -2987             -27           -2952           -2987;
   642    5.684           -2987             -27           -2952           -2987;
   643    5.693           -2987             -27           -2952           -2987;
   644    5.702           -2987             -27           -2952           -2987;
   645    5.711           -2987             -27           -2952           -2987;
   646    5.720           -2987             -27           -2952           -2987;
   647    5.729           -2987             -27           -2952           -2987;
   648    5.738           -2987             -27           -2952           -2987;
   649    5.746           -2987             -27           -2952           -2987;
   650    5.755           -2987             -27           -2952           -2987;
   651    5.764           -2987             -27           -2952           -2987;
   652    5.773           -2987             -27           -2952           -2987;
   653    5.782           -2987             -27           -2952           -2987;
   654    5.791           -2987             -27           -2952           -2987;
   655    5.799           -2987             -27           -2952           -2987;
   656    5.808           -2987             -27           -2952           -2987;
   657    5.817           -2987             -27           -2952           -2987;
   658    5.826           -2987             -27           -2952           -2987;
   659    5.835           -2987             -27           -2952           -2987;
   660    5.844           -2987             -27           -2952           -2987;
   661    5.853           -2987             -27           -2952           -2987;
   662    5.861           -2987             -27           -2952           -2987;
   663    5.870           -2987             -27           -2952           -2987;
   664    5.879           -2987             -27           -2952           -2987;
   665    5.888           -2987             -27           -2952           -2987;
   666    5.897           -2987             -27           -2952           -2987;
   667    5.906           -2987             -27           -2952           -2987;
   668    5.915           -2987             -27           -2952           -2987;
   669    5.923           -2987             -27           -2952           -2987;
   670    5.932           -2987             -27           -2952           -2987;
   671    5.941           -2987             -27           -2952           -2987;
   672    5.950           -2987             -27           -2952           -2987;
   673    5.959           -2987             -27           -2952           -2987;
   674    5.968           -2987             -27           -2952           -2987;
   675    5.977           -2987             -27           -2952           -2987;
   676    5.985           -2987             -27           -2952           -2987]
