 Sample   Time     Commanded Pos   Encoder 1 Pos   Encoder 2 Pos   Encoder 3 Pos 

[    0    0.000           -3005           -5495           -2972           -3005;
     1    0.009           -3005           -5501           -2972           -3005;
     2    0.018           -3005           -5507           -2972           -3005;
     3    0.027           -3005           -5513           -2972           -3005;
     4    0.035           -3005           -5520           -2972           -3005;
     5    0.044           -3005           -5527           -2972           -3005;
     6    0.053           -3005           -5534           -2972           -3005;
     7    0.062           -3005           -5539           -2972           -3005;
     8    0.071           -3005           -5543           -2972           -3005;
     9    0.080           -3005           -5543           -2972           -3005;
    10    0.089           -3005           -5541           -2972           -3005;
    11    0.097           -3005           -5539           -2972           -3005;
    12    0.106           -3005           -5537           -2972           -3005;
    13    0.115           -3005           -5536           -2972           -3005;
    14    0.124           -3005           -5536           -2972           -3005;
    15    0.133           -3005           -5535           -2972           -3005;
    16    0.142           -3005           -5533           -2972           -3005;
    17    0.151           -3005           -5529           -2972           -3005;
    18    0.159           -3005           -5525           -2972           -3005;
    19    0.168           -3005           -5523           -2972           -3005;
    20    0.177           -3005           -5521           -2972           -3005;
    21    0.186           -3005           -5520           -2972           -3005;
    22    0.195           -3005           -5520           -2972           -3005;
    23    0.204           -3005           -5520           -2972           -3005;
    24    0.213           -3005           -5521           -2972           -3005;
    25    0.221           -3005           -5521           -2972           -3005;
    26    0.230           -3005           -5522           -2972           -3005;
    27    0.239           -3005           -5523           -2972           -3005;
    28    0.248           -3005           -5523           -2972           -3005;
    29    0.257           -3005           -5523           -2972           -3005;
    30    0.266           -3005           -5524           -2972           -3005;
    31    0.274           -3005           -5524           -2972           -3005;
    32    0.283           -3005           -5524           -2972           -3005;
    33    0.292           -3005           -5524           -2972           -3005;
    34    0.301           -3005           -5524           -2972           -3005;
    35    0.310           -3005           -5524           -2972           -3005;
    36    0.319           -3005           -5525           -2972           -3005;
    37    0.328           -3005           -5526           -2972           -3005;
    38    0.336           -3005           -5526           -2972           -3005;
    39    0.345           -3005           -5527           -2972           -3005;
    40    0.354           -3005           -5528           -2972           -3005;
    41    0.363           -3005           -5528           -2972           -3005;
    42    0.372           -3005           -5529           -2972           -3005;
    43    0.381           -3005           -5526           -2972           -3005;
    44    0.390           -3005           -5523           -2972           -3005;
    45    0.398           -3005           -5521           -2972           -3005;
    46    0.407           -3005           -5521           -2972           -3005;
    47    0.416           -3005           -5521           -2972           -3005;
    48    0.425           -3005           -5523           -2972           -3005;
    49    0.434           -3005           -5526           -2972           -3005;
    50    0.443           -3005           -5528           -2972           -3005;
    51    0.452           -3005           -5529           -2972           -3005;
    52    0.460           -3005           -5530           -2972           -3005;
    53    0.469           -3005           -5530           -2972           -3005;
    54    0.478           -3005           -5530           -2972           -3005;
    55    0.487           -3005           -5530           -2972           -3005;
    56    0.496           -3005           -5530           -2972           -3005;
    57    0.505           -3005           -5530           -2972           -3005;
    58    0.514           -3005           -5530           -2972           -3005;
    59    0.522           -3005           -5530           -2972           -3005;
    60    0.531           -3005           -5530           -2972           -3005;
    61    0.540           -3005           -5530           -2972           -3005;
    62    0.549           -3005           -5532           -2972           -3005;
    63    0.558           -3005           -5534           -2972           -3005;
    64    0.567           -3005           -5537           -2972           -3005;
    65    0.576           -3005           -5542           -2972           -3005;
    66    0.584           -3005           -5547           -2972           -3005;
    67    0.593           -3005           -5552           -2972           -3005;
    68    0.602           -3005           -5557           -2972           -3005;
    69    0.611           -3005           -5560           -2972           -3005;
    70    0.620           -3005           -5561           -2972           -3005;
    71    0.629           -3005           -5561           -2972           -3005;
    72    0.638           -3005           -5561           -2972           -3005;
    73    0.646           -3005           -5561           -2972           -3005;
    74    0.655           -3005           -5563           -2972           -3005;
    75    0.664           -3005           -5567           -2972           -3005;
    76    0.673           -3005           -5571           -2972           -3005;
    77    0.682           -3005           -5578           -2972           -3005;
    78    0.691           -3005           -5589           -2972           -3005;
    79    0.699           -3005           -5605           -2972           -3005;
    80    0.708           -3005           -5627           -2972           -3005;
    81    0.717           -3005           -5653           -2972           -3005;
    82    0.726           -3005           -5680           -2972           -3005;
    83    0.735           -3005           -5708           -2972           -3005;
    84    0.744           -3005           -5738           -2972           -3005;
    85    0.753           -3005           -5768           -2972           -3005;
    86    0.761           -3005           -5798           -2972           -3005;
    87    0.770           -3005           -5824           -2972           -3005;
    88    0.779           -3005           -5845           -2972           -3005;
    89    0.788           -3005           -5858           -2972           -3005;
    90    0.797           -3005           -5863           -2972           -3005;
    91    0.806           -3005           -5864           -2972           -3005;
    92    0.815           -3005           -5858           -2972           -3005;
    93    0.823           -3005           -5851           -2972           -3005;
    94    0.832           -3005           -5840           -2972           -3005;
    95    0.841           -3005           -5827           -2972           -3005;
    96    0.850           -3005           -5812           -2972           -3005;
    97    0.859           -3005           -5796           -2972           -3005;
    98    0.868           -3005           -5779           -2972           -3005;
    99    0.877           -3005           -5762           -2972           -3005;
   100    0.885           -3005           -5746           -2972           -3005;
   101    0.894           -3005           -5733           -2972           -3005;
   102    0.903           -3005           -5722           -2972           -3005;
   103    0.912           -3005           -5714           -2972           -3005;
   104    0.921           -3005           -5710           -2972           -3005;
   105    0.930           -3005           -5709           -2972           -3005;
   106    0.939           -3005           -5712           -2972           -3005;
   107    0.947           -3005           -5716           -2972           -3005;
   108    0.956           -3005           -5719           -2972           -3005;
   109    0.965           -3005           -5720           -2972           -3005;
   110    0.974           -3005           -5718           -2972           -3005;
   111    0.983           -3005           -5716           -2972           -3005;
   112    0.992           -3005           -5714           -2972           -3005;
   113    1.001           -3005           -5714           -2972           -3005;
   114    1.009           -3005           -5714           -2972           -3005;
   115    1.018           -3005           -5714           -2972           -3005;
   116    1.027           -3005           -5714           -2972           -3005;
   117    1.036           -3005           -5714           -2972           -3005;
   118    1.045           -3005           -5713           -2972           -3005;
   119    1.054           -3005           -5712           -2972           -3005;
   120    1.063           -3005           -5711           -2972           -3005;
   121    1.071           -3005           -5711           -2972           -3005;
   122    1.080           -3005           -5711           -2972           -3005;
   123    1.089           -3005           -5711           -2972           -3005;
   124    1.098           -3005           -5712           -2972           -3005;
   125    1.107           -3005           -5714           -2972           -3005;
   126    1.116           -3005           -5718           -2972           -3005;
   127    1.124           -3005           -5722           -2972           -3005;
   128    1.133           -3005           -5725           -2972           -3005;
   129    1.142           -3005           -5726           -2972           -3005;
   130    1.151           -3005           -5726           -2972           -3005;
   131    1.160           -3005           -5726           -2972           -3005;
   132    1.169           -3005           -5729           -2972           -3005;
   133    1.178           -3005           -5733           -2972           -3005;
   134    1.186           -3005           -5738           -2972           -3005;
   135    1.195           -3005           -5742           -2972           -3005;
   136    1.204           -3005           -5743           -2972           -3005;
   137    1.213           -3005           -5743           -2972           -3005;
   138    1.222           -3005           -5740           -2972           -3005;
   139    1.231           -3005           -5739           -2972           -3005;
   140    1.240           -3005           -5740           -2972           -3005;
   141    1.248           -3005           -5743           -2972           -3005;
   142    1.257           -3005           -5746           -2972           -3005;
   143    1.266           -3005           -5748           -2972           -3005;
   144    1.275           -3005           -5749           -2972           -3005;
   145    1.284           -3005           -5750           -2972           -3005;
   146    1.293           -3005           -5752           -2972           -3005;
   147    1.302           -3005           -5756           -2972           -3005;
   148    1.310           -3005           -5761           -2972           -3005;
   149    1.319           -3005           -5764           -2972           -3005;
   150    1.328           -3005           -5765           -2972           -3005;
   151    1.337           -3005           -5765           -2972           -3005;
   152    1.346           -3005           -5763           -2972           -3005;
   153    1.355           -3005           -5757           -2972           -3005;
   154    1.364           -3005           -5740           -2972           -3005;
   155    1.372           -3005           -5700           -2972           -3005;
   156    1.381           -3005           -5618           -2972           -3005;
   157    1.390           -3005           -5480           -2972           -3005;
   158    1.399           -3005           -5266           -2972           -3005;
   159    1.408           -3005           -4959           -2972           -3005;
   160    1.417           -3005           -4550           -2972           -3005;
   161    1.426           -3005           -4048           -2972           -3005;
   162    1.434           -3005           -3469           -2972           -3005;
   163    1.443           -3005           -2830           -2972           -3005;
   164    1.452           -3005           -2155           -2972           -3005;
   165    1.461           -3005           -1479           -2972           -3005;
   166    1.470           -3005            -825           -2972           -3005;
   167    1.479           -3005            -212           -2972           -3005;
   168    1.488           -3004             341           -2971           -3004;
   169    1.496           -3004             826           -2970           -3004;
   170    1.505           -3004            1234           -2970           -3004;
   171    1.514           -3004            1562           -2970           -3004;
   172    1.523           -3004            1811           -2970           -3004;
   173    1.532           -3004            1979           -2970           -3004;
   174    1.541           -3004            2069           -2970           -3004;
   175    1.549           -3004            2082           -2971           -3004;
   176    1.558           -3004            2020           -2971           -3004;
   177    1.567           -3004            1894           -2971           -3004;
   178    1.576           -3004            1711           -2971           -3004;
   179    1.585           -3004            1481           -2971           -3004;
   180    1.594           -3004            1214           -2971           -3004;
   181    1.603           -3004             922           -2971           -3004;
   182    1.611           -3004             617           -2971           -3004;
   183    1.620           -3004             308           -2971           -3004;
   184    1.629           -3004               7           -2971           -3004;
   185    1.638           -3004            -276           -2971           -3004;
   186    1.647           -3004            -532           -2971           -3004;
   187    1.656           -3004            -757           -2971           -3004;
   188    1.665           -3004            -944           -2971           -3004;
   189    1.673           -3004           -1089           -2971           -3004;
   190    1.682           -3004           -1189           -2971           -3004;
   191    1.691           -3004           -1243           -2971           -3004;
   192    1.700           -3004           -1251           -2971           -3004;
   193    1.709           -3004           -1214           -2971           -3004;
   194    1.718           -3004           -1136           -2971           -3004;
   195    1.727           -3004           -1023           -2971           -3004;
   196    1.735           -3004            -878           -2971           -3004;
   197    1.744           -3004            -710           -2971           -3004;
   198    1.753           -3004            -524           -2971           -3004;
   199    1.762           -3004            -329           -2971           -3004;
   200    1.771           -3004            -133           -2971           -3004;
   201    1.780           -3004              59           -2971           -3004;
   202    1.789           -3004             240           -2971           -3004;
   203    1.797           -3004             404           -2971           -3004;
   204    1.806           -3004             546           -2971           -3004;
   205    1.815           -3004             663           -2971           -3004;
   206    1.824           -3004             752           -2971           -3004;
   207    1.833           -3004             812           -2971           -3004;
   208    1.842           -3004             840           -2971           -3004;
   209    1.851           -3004             838           -2971           -3004;
   210    1.859           -3004             806           -2971           -3004;
   211    1.868           -3004             748           -2971           -3004;
   212    1.877           -3004             669           -2971           -3004;
   213    1.886           -3004             571           -2971           -3004;
   214    1.895           -3004             459           -2971           -3004;
   215    1.904           -3004             336           -2971           -3004;
   216    1.913           -3004             208           -2971           -3004;
   217    1.921           -3004              79           -2971           -3004;
   218    1.930           -3004             -48           -2971           -3004;
   219    1.939           -3004            -167           -2971           -3004;
   220    1.948           -3004            -274           -2971           -3004;
   221    1.957           -3004            -367           -2971           -3004;
   222    1.966           -3004            -442           -2971           -3004;
   223    1.974           -3004            -497           -2971           -3004;
   224    1.983           -3004            -532           -2971           -3004;
   225    1.992           -3004            -544           -2971           -3004;
   226    2.001           -3004            -537           -2971           -3004;
   227    2.010           -3004            -509           -2971           -3004;
   228    2.019           -3004            -465           -2971           -3004;
   229    2.028           -3004            -408           -2971           -3004;
   230    2.036           -3004            -339           -2971           -3004;
   231    2.045           -3004            -263           -2971           -3004;
   232    2.054           -3004            -181           -2971           -3004;
   233    2.063           -3004             -96           -2971           -3004;
   234    2.072           -3004             -13           -2971           -3004;
   235    2.081           -3004              67           -2971           -3004;
   236    2.090           -3004             140           -2971           -3004;
   237    2.098           -3004             204           -2971           -3004;
   238    2.107           -3004             257           -2971           -3004;
   239    2.116           -3004             297           -2971           -3004;
   240    2.125           -3004             324           -2971           -3004;
   241    2.134           -3004             335           -2971           -3004;
   242    2.143           -3004             334           -2971           -3004;
   243    2.152           -3004             317           -2971           -3004;
   244    2.160           -3004             290           -2971           -3004;
   245    2.169           -3004             254           -2971           -3004;
   246    2.178           -3004             211           -2971           -3004;
   247    2.187           -3004             163           -2971           -3004;
   248    2.196           -3004             113           -2971           -3004;
   249    2.205           -3004              61           -2971           -3004;
   250    2.214           -3004              10           -2971           -3004;
   251    2.222           -3004             -38           -2971           -3004;
   252    2.231           -3004             -81           -2971           -3004;
   253    2.240           -3004            -119           -2971           -3004;
   254    2.249           -3004            -149           -2971           -3004;
   255    2.258           -3004            -172           -2971           -3004;
   256    2.267           -3004            -186           -2971           -3004;
   257    2.276           -3004            -191           -2971           -3004;
   258    2.284           -3004            -189           -2971           -3004;
   259    2.293           -3004            -180           -2971           -3004;
   260    2.302           -3004            -165           -2971           -3004;
   261    2.311           -3004            -146           -2971           -3004;
   262    2.320           -3004            -124           -2971           -3004;
   263    2.329           -3004            -100           -2971           -3004;
   264    2.338           -3004             -74           -2971           -3004;
   265    2.346           -3004             -48           -2971           -3004;
   266    2.355           -3004             -23           -2971           -3004;
   267    2.364           -3004               0           -2971           -3004;
   268    2.373           -3004              21           -2971           -3004;
   269    2.382           -3004              37           -2971           -3004;
   270    2.391           -3004              50           -2971           -3004;
   271    2.399           -3004              57           -2971           -3004;
   272    2.408           -3004              59           -2971           -3004;
   273    2.417           -3004              59           -2971           -3004;
   274    2.426           -3004              53           -2971           -3004;
   275    2.435           -3004              44           -2971           -3004;
   276    2.444           -3004              35           -2971           -3004;
   277    2.453           -3004              26           -2971           -3004;
   278    2.461           -3004              17           -2971           -3004;
   279    2.470           -3004               9           -2971           -3004;
   280    2.479           -3004               3           -2971           -3004;
   281    2.488           -3004              -2           -2971           -3004;
   282    2.497           -3004              -4           -2971           -3004;
   283    2.506           -3004              -5           -2971           -3004;
   284    2.515           -3004              -5           -2971           -3004;
   285    2.523           -3004              -1           -2971           -3004;
   286    2.532           -3004               0           -2971           -3004;
   287    2.541           -3004               1           -2971           -3004;
   288    2.550           -3004               1           -2971           -3004;
   289    2.559           -3004               1           -2971           -3004;
   290    2.568           -3004               1           -2971           -3004;
   291    2.577           -3004               1           -2971           -3004;
   292    2.585           -3004               1           -2971           -3004;
   293    2.594           -3004               1           -2971           -3004;
   294    2.603           -3004               1           -2971           -3004;
   295    2.612           -3004               1           -2971           -3004;
   296    2.621           -3004               1           -2971           -3004;
   297    2.630           -3004               1           -2971           -3004;
   298    2.639           -3004               1           -2971           -3004;
   299    2.647           -3004               1           -2971           -3004;
   300    2.656           -3004               1           -2971           -3004;
   301    2.665           -3004               1           -2971           -3004;
   302    2.674           -3004               1           -2971           -3004;
   303    2.683           -3004               1           -2971           -3004;
   304    2.692           -3004               1           -2971           -3004;
   305    2.701           -3004               1           -2971           -3004;
   306    2.709           -3004               1           -2971           -3004;
   307    2.718           -3004               1           -2971           -3004;
   308    2.727           -3004               1           -2971           -3004;
   309    2.736           -3004               1           -2971           -3004;
   310    2.745           -3004               1           -2971           -3004;
   311    2.754           -3004               1           -2971           -3004;
   312    2.763           -3004               1           -2971           -3004;
   313    2.771           -3004               1           -2971           -3004;
   314    2.780           -3004               1           -2971           -3004;
   315    2.789           -3004               1           -2971           -3004;
   316    2.798           -3004               1           -2971           -3004;
   317    2.807           -3004               1           -2971           -3004;
   318    2.816           -3004               1           -2971           -3004;
   319    2.824           -3004               1           -2971           -3004;
   320    2.833           -3004               1           -2971           -3004;
   321    2.842           -3004               1           -2971           -3004;
   322    2.851           -3004               1           -2971           -3004;
   323    2.860           -3004               1           -2971           -3004;
   324    2.869           -3004               1           -2971           -3004;
   325    2.878           -3004               1           -2971           -3004;
   326    2.886           -3004               1           -2971           -3004;
   327    2.895           -3004               1           -2971           -3004;
   328    2.904           -3004               1           -2971           -3004;
   329    2.913           -3004               1           -2971           -3004;
   330    2.922           -3004               1           -2971           -3004;
   331    2.931           -3004               1           -2971           -3004;
   332    2.940           -3004               1           -2971           -3004;
   333    2.948           -3004               1           -2971           -3004;
   334    2.957           -3004               1           -2971           -3004;
   335    2.966           -3004               1           -2971           -3004;
   336    2.975           -3004               1           -2971           -3004;
   337    2.984           -3004               1           -2971           -3004;
   338    2.993           -3004               1           -2971           -3004;
   339    3.002           -3004               1           -2971           -3004;
   340    3.010           -3004               1           -2971           -3004;
   341    3.019           -3004               1           -2971           -3004;
   342    3.028           -3004               1           -2971           -3004;
   343    3.037           -3004               1           -2971           -3004;
   344    3.046           -3004               1           -2971           -3004;
   345    3.055           -3004               1           -2971           -3004;
   346    3.064           -3004               1           -2971           -3004;
   347    3.072           -3004               1           -2971           -3004;
   348    3.081           -3004               1           -2971           -3004;
   349    3.090           -3004               1           -2971           -3004;
   350    3.099           -3004               1           -2971           -3004;
   351    3.108           -3004               1           -2971           -3004;
   352    3.117           -3004               1           -2971           -3004;
   353    3.126           -3004               1           -2971           -3004;
   354    3.134           -3004               1           -2971           -3004;
   355    3.143           -3004               1           -2971           -3004;
   356    3.152           -3004               1           -2971           -3004;
   357    3.161           -3004               1           -2972           -3004;
   358    3.170           -3004               1           -2972           -3004;
   359    3.179           -3004               1           -2972           -3004;
   360    3.188           -3004               1           -2972           -3004;
   361    3.196           -3004               1           -2972           -3004;
   362    3.205           -3004               1           -2972           -3004;
   363    3.214           -3004               1           -2972           -3004;
   364    3.223           -3004               1           -2972           -3004;
   365    3.232           -3004               1           -2971           -3004;
   366    3.241           -3004               1           -2971           -3004;
   367    3.249           -3004               1           -2971           -3004;
   368    3.258           -3004               1           -2971           -3004;
   369    3.267           -3004               1           -2971           -3004;
   370    3.276           -3004               1           -2971           -3004;
   371    3.285           -3004               1           -2971           -3004;
   372    3.294           -3004               1           -2971           -3004;
   373    3.303           -3004               1           -2971           -3004;
   374    3.311           -3004               1           -2971           -3004;
   375    3.320           -3004               1           -2971           -3004;
   376    3.329           -3004               1           -2971           -3004;
   377    3.338           -3004               1           -2971           -3004;
   378    3.347           -3004               1           -2971           -3004;
   379    3.356           -3004               1           -2971           -3004;
   380    3.365           -3004               1           -2971           -3004;
   381    3.373           -3004               1           -2971           -3004;
   382    3.382           -3004               1           -2971           -3004;
   383    3.391           -3004               1           -2971           -3004;
   384    3.400           -3004               1           -2971           -3004;
   385    3.409           -3004               1           -2971           -3004;
   386    3.418           -3004               1           -2971           -3004;
   387    3.427           -3004               1           -2971           -3004;
   388    3.435           -3004               1           -2971           -3004;
   389    3.444           -3004               1           -2971           -3004;
   390    3.453           -3004               1           -2971           -3004;
   391    3.462           -3004               1           -2971           -3004;
   392    3.471           -3004               1           -2971           -3004;
   393    3.480           -3004               1           -2971           -3004;
   394    3.489           -3004               1           -2971           -3004;
   395    3.497           -3004               1           -2971           -3004;
   396    3.506           -3004               1           -2971           -3004;
   397    3.515           -3004               1           -2971           -3004;
   398    3.524           -3004               1           -2971           -3004;
   399    3.533           -3004               1           -2971           -3004;
   400    3.542           -3004               1           -2971           -3004;
   401    3.551           -3004               1           -2971           -3004;
   402    3.559           -3004               1           -2971           -3004;
   403    3.568           -3004               1           -2971           -3004;
   404    3.577           -3004               1           -2971           -3004;
   405    3.586           -3004               1           -2971           -3004;
   406    3.595           -3004               1           -2971           -3004;
   407    3.604           -3004               1           -2971           -3004;
   408    3.613           -3004               1           -2971           -3004;
   409    3.621           -3004               1           -2971           -3004;
   410    3.630           -3004               1           -2971           -3004;
   411    3.639           -3004               1           -2971           -3004;
   412    3.648           -3004               1           -2971           -3004;
   413    3.657           -3004               1           -2971           -3004;
   414    3.666           -3004               1           -2971           -3004;
   415    3.674           -3004               1           -2971           -3004;
   416    3.683           -3004               1           -2971           -3004;
   417    3.692           -3004               1           -2971           -3004;
   418    3.701           -3004               1           -2971           -3004;
   419    3.710           -3004               1           -2971           -3004;
   420    3.719           -3004               1           -2971           -3004;
   421    3.728           -3004               1           -2971           -3004;
   422    3.736           -3004               1           -2971           -3004;
   423    3.745           -3004               1           -2971           -3004;
   424    3.754           -3004               1           -2971           -3004;
   425    3.763           -3004               1           -2971           -3004;
   426    3.772           -3004               1           -2971           -3004;
   427    3.781           -3004               1           -2971           -3004;
   428    3.790           -3004               1           -2971           -3004;
   429    3.798           -3004               1           -2971           -3004;
   430    3.807           -3004               1           -2971           -3004;
   431    3.816           -3004               1           -2971           -3004;
   432    3.825           -3004               1           -2971           -3004;
   433    3.834           -3004               1           -2971           -3004;
   434    3.843           -3004               1           -2971           -3004;
   435    3.852           -3004               1           -2971           -3004;
   436    3.860           -3004               1           -2971           -3004;
   437    3.869           -3004               1           -2971           -3004;
   438    3.878           -3004               1           -2971           -3004;
   439    3.887           -3004               1           -2971           -3004;
   440    3.896           -3004               1           -2971           -3004;
   441    3.905           -3004               1           -2971           -3004;
   442    3.914           -3004               1           -2971           -3004;
   443    3.922           -3004               1           -2971           -3004;
   444    3.931           -3004               1           -2971           -3004;
   445    3.940           -3004               1           -2971           -3004;
   446    3.949           -3004               1           -2971           -3004;
   447    3.958           -3004               1           -2971           -3004;
   448    3.967           -3004               1           -2971           -3004;
   449    3.976           -3004               1           -2971           -3004;
   450    3.984           -3004               1           -2971           -3004;
   451    3.993           -3004               1           -2971           -3004;
   452    4.002           -3004               1           -2971           -3004;
   453    4.011           -3004               1           -2971           -3004;
   454    4.020           -3004               1           -2971           -3004;
   455    4.029           -3004               1           -2971           -3004;
   456    4.038           -3004               1           -2971           -3004;
   457    4.046           -3004               1           -2971           -3004;
   458    4.055           -3004               1           -2971           -3004;
   459    4.064           -3004               1           -2971           -3004;
   460    4.073           -3004               1           -2971           -3004;
   461    4.082           -3004               1           -2971           -3004;
   462    4.091           -3004               1           -2971           -3004;
   463    4.099           -3004               1           -2971           -3004;
   464    4.108           -3004               1           -2971           -3004;
   465    4.117           -3004               1           -2971           -3004;
   466    4.126           -3004               1           -2971           -3004;
   467    4.135           -3004               1           -2971           -3004;
   468    4.144           -3004               1           -2971           -3004;
   469    4.153           -3004               1           -2971           -3004;
   470    4.161           -3004               1           -2971           -3004;
   471    4.170           -3004               1           -2971           -3004;
   472    4.179           -3004               1           -2971           -3004;
   473    4.188           -3004               1           -2971           -3004;
   474    4.197           -3004               1           -2971           -3004;
   475    4.206           -3004               1           -2971           -3004;
   476    4.215           -3004               1           -2971           -3004;
   477    4.223           -3004               1           -2971           -3004;
   478    4.232           -3004               1           -2971           -3004;
   479    4.241           -3004               1           -2971           -3004;
   480    4.250           -3004               1           -2971           -3004;
   481    4.259           -3004               1           -2971           -3004;
   482    4.268           -3004               1           -2971           -3004;
   483    4.277           -3004               1           -2971           -3004;
   484    4.285           -3004               1           -2971           -3004;
   485    4.294           -3004               1           -2971           -3004;
   486    4.303           -3004               1           -2971           -3004;
   487    4.312           -3004               1           -2971           -3004;
   488    4.321           -3004               1           -2971           -3004;
   489    4.330           -3004               1           -2971           -3004;
   490    4.339           -3004               1           -2971           -3004;
   491    4.347           -3004               1           -2971           -3004;
   492    4.356           -3004               1           -2971           -3004;
   493    4.365           -3004               1           -2971           -3004;
   494    4.374           -3004               1           -2971           -3004;
   495    4.383           -3004               1           -2971           -3004;
   496    4.392           -3004               1           -2971           -3004;
   497    4.401           -3004               1           -2971           -3004;
   498    4.409           -3004               1           -2971           -3004;
   499    4.418           -3004               1           -2971           -3004;
   500    4.427           -3004               1           -2971           -3004;
   501    4.436           -3004               1           -2971           -3004;
   502    4.445           -3004               1           -2971           -3004;
   503    4.454           -3004               1           -2971           -3004;
   504    4.463           -3004               1           -2971           -3004;
   505    4.471           -3004               1           -2971           -3004;
   506    4.480           -3004               1           -2971           -3004;
   507    4.489           -3004               1           -2971           -3004;
   508    4.498           -3004               1           -2971           -3004;
   509    4.507           -3004               1           -2971           -3004;
   510    4.516           -3004               1           -2971           -3004;
   511    4.524           -3004               1           -2971           -3004;
   512    4.533           -3004               1           -2971           -3004;
   513    4.542           -3004               1           -2971           -3004;
   514    4.551           -3004               1           -2971           -3004;
   515    4.560           -3004               1           -2971           -3004;
   516    4.569           -3004               1           -2971           -3004;
   517    4.578           -3004               1           -2971           -3004;
   518    4.586           -3004               1           -2971           -3004;
   519    4.595           -3004               1           -2971           -3004;
   520    4.604           -3004               1           -2971           -3004;
   521    4.613           -3004               1           -2971           -3004;
   522    4.622           -3004               1           -2971           -3004;
   523    4.631           -3004               1           -2971           -3004;
   524    4.640           -3004               1           -2971           -3004;
   525    4.648           -3004               1           -2971           -3004;
   526    4.657           -3004               1           -2971           -3004;
   527    4.666           -3004               1           -2971           -3004;
   528    4.675           -3004               1           -2971           -3004;
   529    4.684           -3004               1           -2971           -3004;
   530    4.693           -3004               1           -2971           -3004;
   531    4.702           -3004               1           -2971           -3004;
   532    4.710           -3004               1           -2971           -3004;
   533    4.719           -3004               1           -2971           -3004;
   534    4.728           -3004               1           -2971           -3004;
   535    4.737           -3004               1           -2971           -3004;
   536    4.746           -3004               1           -2971           -3004;
   537    4.755           -3004               1           -2971           -3004;
   538    4.764           -3004               1           -2971           -3004;
   539    4.772           -3004               1           -2971           -3004;
   540    4.781           -3004               1           -2971           -3004;
   541    4.790           -3004               1           -2971           -3004;
   542    4.799           -3004               1           -2971           -3004;
   543    4.808           -3004               1           -2971           -3004;
   544    4.817           -3004               1           -2971           -3004;
   545    4.826           -3004               1           -2971           -3004;
   546    4.834           -3004               1           -2971           -3004;
   547    4.843           -3004               1           -2971           -3004;
   548    4.852           -3004               1           -2971           -3004;
   549    4.861           -3004               1           -2971           -3004;
   550    4.870           -3004               1           -2971           -3004;
   551    4.879           -3004               1           -2971           -3004;
   552    4.888           -3004               1           -2971           -3004;
   553    4.896           -3004               1           -2971           -3004;
   554    4.905           -3004               1           -2971           -3004;
   555    4.914           -3004               1           -2971           -3004;
   556    4.923           -3004               1           -2971           -3004;
   557    4.932           -3004               1           -2971           -3004;
   558    4.941           -3004               1           -2971           -3004;
   559    4.949           -3004               1           -2971           -3004;
   560    4.958           -3004               1           -2971           -3004;
   561    4.967           -3004               1           -2971           -3004;
   562    4.976           -3004               1           -2971           -3004;
   563    4.985           -3004               1           -2971           -3004;
   564    4.994           -3004               1           -2971           -3004;
   565    5.003           -3004               1           -2971           -3004;
   566    5.011           -3004               1           -2971           -3004;
   567    5.020           -3004               1           -2971           -3004;
   568    5.029           -3004               1           -2971           -3004;
   569    5.038           -3004               1           -2971           -3004;
   570    5.047           -3004               1           -2971           -3004;
   571    5.056           -3004               1           -2971           -3004;
   572    5.065           -3004               1           -2971           -3004;
   573    5.073           -3004               1           -2971           -3004;
   574    5.082           -3004               1           -2971           -3004;
   575    5.091           -3004               1           -2971           -3004;
   576    5.100           -3004               1           -2971           -3004;
   577    5.109           -3004               1           -2971           -3004;
   578    5.118           -3004               1           -2971           -3004;
   579    5.127           -3004               1           -2971           -3004;
   580    5.135           -3004               1           -2971           -3004;
   581    5.144           -3004               1           -2971           -3004;
   582    5.153           -3004               1           -2971           -3004;
   583    5.162           -3004               1           -2971           -3004;
   584    5.171           -3004               1           -2971           -3004;
   585    5.180           -3004               1           -2971           -3004;
   586    5.189           -3004               1           -2971           -3004;
   587    5.197           -3004               1           -2971           -3004;
   588    5.206           -3004               1           -2971           -3004;
   589    5.215           -3004               1           -2971           -3004;
   590    5.224           -3004               1           -2971           -3004;
   591    5.233           -3004               1           -2971           -3004;
   592    5.242           -3004               1           -2971           -3004;
   593    5.251           -3004               1           -2971           -3004;
   594    5.259           -3004               1           -2971           -3004;
   595    5.268           -3004               1           -2971           -3004;
   596    5.277           -3004               1           -2971           -3004;
   597    5.286           -3004               1           -2971           -3004;
   598    5.295           -3004               1           -2971           -3004;
   599    5.304           -3004               1           -2971           -3004;
   600    5.313           -3004               1           -2971           -3004;
   601    5.321           -3004               1           -2971           -3004;
   602    5.330           -3004               1           -2971           -3004;
   603    5.339           -3004               1           -2971           -3004;
   604    5.348           -3004               1           -2971           -3004;
   605    5.357           -3004               1           -2971           -3004;
   606    5.366           -3004               1           -2971           -3004;
   607    5.374           -3004               1           -2971           -3004;
   608    5.383           -3004               1           -2971           -3004;
   609    5.392           -3004               1           -2971           -3004;
   610    5.401           -3004               1           -2971           -3004;
   611    5.410           -3004               1           -2971           -3004;
   612    5.419           -3004               1           -2971           -3004;
   613    5.428           -3004               1           -2971           -3004;
   614    5.436           -3004               1           -2971           -3004;
   615    5.445           -3004               1           -2971           -3004;
   616    5.454           -3004               1           -2971           -3004;
   617    5.463           -3004               1           -2971           -3004;
   618    5.472           -3004               1           -2971           -3004;
   619    5.481           -3004               1           -2971           -3004;
   620    5.490           -3004               1           -2971           -3004;
   621    5.498           -3004               1           -2971           -3004;
   622    5.507           -3004               1           -2971           -3004;
   623    5.516           -3004               1           -2971           -3004;
   624    5.525           -3004               1           -2971           -3004;
   625    5.534           -3004               1           -2971           -3004;
   626    5.543           -3004               1           -2971           -3004;
   627    5.552           -3004               1           -2971           -3004;
   628    5.560           -3004               1           -2971           -3004;
   629    5.569           -3004               1           -2971           -3004;
   630    5.578           -3004               1           -2971           -3004;
   631    5.587           -3004               1           -2971           -3004;
   632    5.596           -3004               1           -2971           -3004;
   633    5.605           -3004               1           -2971           -3004;
   634    5.614           -3004               1           -2971           -3004;
   635    5.622           -3004               1           -2971           -3004;
   636    5.631           -3004               1           -2971           -3004;
   637    5.640           -3004               1           -2971           -3004;
   638    5.649           -3004               1           -2971           -3004;
   639    5.658           -3004               1           -2971           -3004;
   640    5.667           -3004               1           -2971           -3004;
   641    5.676           -3004               1           -2971           -3004;
   642    5.684           -3004               1           -2971           -3004;
   643    5.693           -3004               1           -2971           -3004;
   644    5.702           -3004               1           -2971           -3004;
   645    5.711           -3004               1           -2971           -3004;
   646    5.720           -3004               1           -2971           -3004;
   647    5.729           -3004               1           -2971           -3004;
   648    5.738           -3004               1           -2971           -3004;
   649    5.746           -3004               1           -2971           -3004;
   650    5.755           -3004               1           -2971           -3004;
   651    5.764           -3004               1           -2971           -3004;
   652    5.773           -3004               1           -2971           -3004;
   653    5.782           -3004               1           -2971           -3004;
   654    5.791           -3004               1           -2971           -3004;
   655    5.799           -3004               1           -2971           -3004;
   656    5.808           -3004               1           -2971           -3004;
   657    5.817           -3004               1           -2971           -3004;
   658    5.826           -3004               1           -2971           -3004;
   659    5.835           -3004               1           -2971           -3004;
   660    5.844           -3004               1           -2971           -3004;
   661    5.853           -3004               1           -2971           -3004;
   662    5.861           -3004               1           -2971           -3004;
   663    5.870           -3004               1           -2971           -3004;
   664    5.879           -3004               1           -2971           -3004;
   665    5.888           -3004               1           -2971           -3004;
   666    5.897           -3004               1           -2971           -3004;
   667    5.906           -3004               1           -2971           -3004;
   668    5.915           -3004               1           -2971           -3004;
   669    5.923           -3004               1           -2971           -3004;
   670    5.932           -3004               1           -2971           -3004;
   671    5.941           -3004               1           -2971           -3004;
   672    5.950           -3004               1           -2971           -3004;
   673    5.959           -3004               1           -2971           -3004;
   674    5.968           -3004               1           -2971           -3004;
   675    5.977           -3004               1           -2971           -3004;
   676    5.985           -3004               1           -2971           -3004]
