 Sample   Time     Commanded Pos   Encoder 1 Pos   Encoder 2 Pos   Encoder 3 Pos 

[    0    0.000               0               0               0               0;
     1    0.009               0               0               0               0;
     2    0.018               0               0               0               0;
     3    0.027               0               0               0               0;
     4    0.035               0               0               0               0;
     5    0.044               1               0               0               0;
     6    0.053               1               0               0               0;
     7    0.062               1               0               0               0;
     8    0.071               2               0               0               0;
     9    0.080               3               0               0               0;
    10    0.089               4               2               0               0;
    11    0.097               5               3               0               0;
    12    0.106               7               5               0               0;
    13    0.115               9               9               0               0;
    14    0.124              11              15               0               0;
    15    0.133              14              24               0               0;
    16    0.142              16              37               0               0;
    17    0.151              20              55               0               0;
    18    0.159              23              80               0               0;
    19    0.168              27             113               0               0;
    20    0.177              31             155               0               0;
    21    0.186              34             207               0               0;
    22    0.195              38             269               0               0;
    23    0.204              41             342               0               0;
    24    0.213              45             424               0               0;
    25    0.221              47             515               0               0;
    26    0.230              49             613               0               0;
    27    0.239              51             716               0               0;
    28    0.248              51             820               0               0;
    29    0.257              51             921               0               0;
    30    0.266              50            1016               0               0;
    31    0.274              47            1101               0               0;
    32    0.283              44            1171               0               0;
    33    0.292              39            1223               0               0;
    34    0.301              34            1252               0               0;
    35    0.310              27            1257               0               0;
    36    0.319              19            1230               0               0;
    37    0.328              11            1175               0               0;
    38    0.336               3            1091               0               0;
    39    0.345              -5             974               0               0;
    40    0.354             -13             829               0               0;
    41    0.363             -21             654               0               0;
    42    0.372             -29             454               0               0;
    43    0.381             -36             231               0               0;
    44    0.390             -41             -10               0               0;
    45    0.398             -46            -264               0               0;
    46    0.407             -49            -524               0               0;
    47    0.416             -51            -782               0               0;
    48    0.425             -51           -1030               0               0;
    49    0.434             -49           -1260               0               0;
    50    0.443             -45           -1464               0               0;
    51    0.452             -40           -1634               0               0;
    52    0.460             -33           -1760               0               0;
    53    0.469             -26           -1836               0               0;
    54    0.478             -17           -1859               0               0;
    55    0.487              -8           -1824               0               0;
    56    0.496               1           -1731               0               0;
    57    0.505              10           -1581               0               0;
    58    0.514              19           -1377               0               0;
    59    0.522              27           -1124               0               0;
    60    0.531              35            -830               0              -1;
    61    0.540              41            -501               0              -1;
    62    0.549              46            -149               0              -1;
    63    0.558              50             217               0              -2;
    64    0.567              51             584               0              -2;
    65    0.576              51             940               0              -3;
    66    0.584              48            1273               0              -3;
    67    0.593              43            1570               0              -4;
    68    0.602              37            1820               0              -4;
    69    0.611              30            2012               0              -4;
    70    0.620              22            2140               0              -4;
    71    0.629              13            2198               0              -4;
    72    0.638               4            2184               0              -4;
    73    0.646              -6            2098               0              -4;
    74    0.655             -15            1943               0              -2;
    75    0.664             -24            1724               0              -0;
    76    0.673             -32            1447               0               2;
    77    0.682             -39            1118               0               4;
    78    0.691             -45             749               0               6;
    79    0.699             -49             351               0               9;
    80    0.708             -51             -61               0              12;
    81    0.717             -51            -475               0              16;
    82    0.726             -49            -875               0              20;
    83    0.735             -45           -1248               0              24;
    84    0.744             -39           -1579               0              29;
    85    0.753             -32           -1857               0              33;
    86    0.761             -24           -2070               0              36;
    87    0.770             -15           -2213               0              39;
    88    0.779              -6           -2278               0              41;
    89    0.788               4           -2262               0              42;
    90    0.797              13           -2164               0              42;
    91    0.806              22           -1989               0              42;
    92    0.815              30           -1740               0              39;
    93    0.823              38           -1428               0              36;
    94    0.832              44           -1061               0              32;
    95    0.841              48            -655               0              27;
    96    0.850              51            -223               0              23;
    97    0.859              51             220               0              17;
    98    0.868              49             657               0              12;
    99    0.877              45            1070               0               6;
   100    0.885              40            1446               0              -1;
   101    0.894              33            1768               0              -8;
   102    0.903              25            2027               0             -16;
   103    0.912              17            2212               0             -23;
   104    0.921               7            2316               0             -30;
   105    0.930              -2            2339               0             -37;
   106    0.939             -12            2277               0             -44;
   107    0.947             -21            2136               0             -51;
   108    0.956             -29            1918               0             -58;
   109    0.965             -37            1633               0             -65;
   110    0.974             -43            1288               0             -72;
   111    0.983             -48             895               0             -79;
   112    0.992             -50             468               0             -86;
   113    1.001             -51              25               0             -92;
   114    1.009             -50            -419               0             -97;
   115    1.018             -46            -846               0            -100;
   116    1.027             -41           -1239               0            -101;
   117    1.036             -34           -1587               0            -102;
   118    1.045             -27           -1876               0             -98;
   119    1.054             -18           -2095               0             -93;
   120    1.063              -9           -2238               0             -87;
   121    1.071               1           -2297               0             -81;
   122    1.080              10           -2271               0             -74;
   123    1.089              19           -2159               0             -67;
   124    1.098              28           -1964               0             -59;
   125    1.107              36           -1694               0             -51;
   126    1.116              42           -1357               0             -42;
   127    1.124              47            -968               0             -32;
   128    1.133              50            -539               0             -21;
   129    1.142              51             -88               0             -11;
   130    1.151              50             366               0              -1;
   131    1.160              47             808               0               6;
   132    1.169              42            1219               0              10;
   133    1.178              35            1584               0              12;
   134    1.186              28            1890               0              12;
   135    1.195              19            2125               0               9;
   136    1.204              10            2282               0               3;
   137    1.213               0            2354               0              -5;
   138    1.222              -9            2341               0             -14;
   139    1.231             -18            2243               0             -22;
   140    1.240             -27            2063               0             -31;
   141    1.248             -35            1807               0             -38;
   142    1.257             -41            1486               0             -44;
   143    1.266             -46            1107               0             -50;
   144    1.275             -50             687               0             -54;
   145    1.284             -51             242               0             -58;
   146    1.293             -50            -211               0             -61;
   147    1.302             -47            -656               0             -62;
   148    1.310             -43           -1072               0             -63;
   149    1.319             -36           -1447               0             -63;
   150    1.328             -29           -1767               0             -61;
   151    1.337             -20           -2020               0             -58;
   152    1.346             -11           -2198               0             -53;
   153    1.355              -2           -2293               0             -47;
   154    1.364               8           -2304               0             -40;
   155    1.372              17           -2225               0             -31;
   156    1.381              26           -2061               0             -21;
   157    1.390              34           -1817               0             -11;
   158    1.399              40           -1501               0              -0;
   159    1.408              46           -1125               0              10;
   160    1.417              49            -705               0              18;
   161    1.426              51            -255               0              26;
   162    1.434              51             205               0              30;
   163    1.443              48             658               0              33;
   164    1.452              43            1087               0              33;
   165    1.461              37            1475               0              31;
   166    1.470              30            1807               0              25;
   167    1.479              21            2070               0              18;
   168    1.488              12            2257               0              10;
   169    1.496               3            2360               0               1;
   170    1.505              -7            2377               0              -9;
   171    1.514             -16            2305               0             -18;
   172    1.523             -25            2149               0             -27;
   173    1.532             -33            1914               0             -35;
   174    1.541             -40            1609               0             -41;
   175    1.549             -45            1244               0             -47;
   176    1.558             -49             834               0             -50;
   177    1.567             -51             393               0             -52;
   178    1.576             -51             -61               0             -53;
   179    1.585             -48            -510               0             -53;
   180    1.594             -44            -938               0             -51;
   181    1.603             -38           -1330               0             -47;
   182    1.611             -31           -1670               0             -43;
   183    1.620             -23           -1948               0             -38;
   184    1.629             -14           -2152               0             -32;
   185    1.638              -4           -2275               0             -24;
   186    1.647               5           -2312               0             -16;
   187    1.656              15           -2261               0              -7;
   188    1.665              24           -2122               0               2;
   189    1.673              32           -1902               0              10;
   190    1.682              39           -1606               0              19;
   191    1.691              45           -1248               0              27;
   192    1.700              49            -839               0              33;
   193    1.709              51            -398               0              38;
   194    1.718              51              60               0              42;
   195    1.727              49             518               0              44;
   196    1.735              45             955               0              44;
   197    1.744              39            1357               0              44;
   198    1.753              32            1707               0              41;
   199    1.762              24            1992               0              37;
   200    1.771              15            2204               0              32;
   201    1.780               6            2334               0              27;
   202    1.789              -4            2378               0              21;
   203    1.797             -13            2335               0              16;
   204    1.806             -22            2206               0              12;
   205    1.815             -31            1995               0               7;
   206    1.824             -38            1712               0               3;
   207    1.833             -44            1365               0              -1;
   208    1.842             -48             968               0              -5;
   209    1.851             -51             534               0              -8;
   210    1.859             -51              83               0             -10;
   211    1.868             -49            -371               0             -12;
   212    1.877             -45            -810               0             -13;
   213    1.886             -40           -1217               0             -13;
   214    1.895             -33           -1577               0             -13;
   215    1.904             -25           -1877               0             -10;
   216    1.913             -16           -2107               0              -8;
   217    1.921              -7           -2258               0              -6;
   218    1.930               3           -2324               0              -4;
   219    1.939              12           -2304               0              -1;
   220    1.948              21           -2194               0               1;
   221    1.957              30           -1999               0               4;
   222    1.966              37           -1726               0               7;
   223    1.974              43           -1385               0              10;
   224    1.983              48            -988               0              14;
   225    1.992              51            -552               0              17;
   226    2.001              51             -92               0              21;
   227    2.010              50             371               0              25;
   228    2.019              46             820               0              27;
   229    2.028              41            1239               0              29;
   230    2.036              34            1610               0              30;
   231    2.045              26            1921               0              30;
   232    2.054              17            2160               0              30;
   233    2.063               8            2319               0              28;
   234    2.072              -1            2391               0              25;
   235    2.081             -11            2377               0              23;
   236    2.090             -20            2275               0              21;
   237    2.098             -28            2089               0              18;
   238    2.107             -36            1826               0              16;
   239    2.116             -42            1496               0              14;
   240    2.125             -47            1109               0              12;
   241    2.134             -50             680               0              10;
   242    2.143             -51             224               0               8;
   243    2.152             -50            -240               0               6;
   244    2.160             -47            -694               0               5;
   245    2.169             -41           -1122               0               4;
   246    2.178             -35           -1506               0               3;
   247    2.187             -27           -1833               0               3;
   248    2.196             -19           -2089               0               3;
   249    2.205              -9           -2267               0               3;
   250    2.214               0           -2359               0               5;
   251    2.222              10           -2363               0               7;
   252    2.231              19           -2275               0              10;
   253    2.240              27           -2101               0              13;
   254    2.249              35           -1844               0              16;
   255    2.258              42           -1516               0              20;
   256    2.267              47           -1128               0              23;
   257    2.276              50            -697               0              26;
   258    2.284              51            -237               0              28;
   259    2.293              50             231               0              29;
   260    2.302              47             691               0              29;
   261    2.311              42            1124               0              29;
   262    2.320              36            1513               0              28;
   263    2.329              28            1845               0              25;
   264    2.338              20            2106               0              23;
   265    2.346              11            2288               0              21;
   266    2.355               1            2385               0              18;
   267    2.364              -8            2395               0              16;
   268    2.373             -18            2316               0              14;
   269    2.382             -26            2153               0              12;
   270    2.391             -34            1910               0               9;
   271    2.399             -41            1598               0               7;
   272    2.408             -46            1226               0               6;
   273    2.417             -50             809               0               4;
   274    2.426             -51             363               0               3;
   275    2.435             -50             -96               0               2;
   276    2.444             -48            -548               0               2;
   277    2.453             -43            -978               0               2;
   278    2.461             -37           -1370               0               2;
   279    2.470             -29           -1708               0               3;
   280    2.479             -21           -1981               0               5;
   281    2.488             -12           -2180               0               7;
   282    2.497              -2           -2297               0               9;
   283    2.506               7           -2328               0              12;
   284    2.515              16           -2271               0              15;
   285    2.523              25           -2126               0              19;
   286    2.532              33           -1899               0              23;
   287    2.541              40           -1596               0              27;
   288    2.550              45           -1231               0              30;
   289    2.559              49            -816               0              32;
   290    2.568              51            -369               0              34;
   291    2.577              51              94               0              34;
   292    2.585              48             554               0              34;
   293    2.594              44             993               0              34;
   294    2.603              38            1394               0              32;
   295    2.612              30            1741               0              31;
   296    2.621              22            2022               0              28;
   297    2.630              13            2227               0              26;
   298    2.639               4            2350               0              23;
   299    2.647              -6            2387               0              21;
   300    2.656             -15            2336               0              20;
   301    2.665             -24            2200               0              18;
   302    2.674             -32            1983               0              17;
   303    2.683             -39            1692               0              16;
   304    2.692             -45            1340               0              15;
   305    2.701             -49             936               0              14;
   306    2.709             -51             498               0              14;
   307    2.718             -51              42               0              13;
   308    2.727             -49            -414               0              13;
   309    2.736             -44            -852               0              13;
   310    2.745             -39           -1256               0              13;
   311    2.754             -31           -1612               0              13;
   312    2.763             -23           -1907               0              13;
   313    2.771             -14           -2130               0              15;
   314    2.780              -5           -2274               0              17;
   315    2.789               5           -2331               0              20;
   316    2.798              14           -2302               0              22;
   317    2.807              23           -2183               0              25;
   318    2.816              31           -1980               0              27;
   319    2.824              38           -1701               0              29;
   320    2.833              44           -1353               0              30;
   321    2.842              48            -952               0              31;
   322    2.851              51            -514               0              31;
   323    2.860              51             -54               0              31;
   324    2.869              49             410               0              31;
   325    2.878              45             855               0              31;
   326    2.886              39            1271               0              31;
   327    2.895              32            1638               0              30;
   328    2.904              24            1943               0              29;
   329    2.913              16            2176               0              27;
   330    2.922               6            2328               0              26;
   331    2.931              -3            2393               0              24;
   332    2.940             -13            2371               0              23;
   333    2.948             -22            2262               0              20;
   334    2.957             -30            2068               0              18;
   335    2.966             -37            1797               0              15;
   336    2.975             -43            1460               0              12;
   337    2.984             -48            1066               0               8;
   338    2.993             -51             633               0               5;
   339    3.002             -51             175               0               1;
   340    3.010             -49            -287               0              -2;
   341    3.019             -46            -738               0              -5;
   342    3.028             -40           -1159               0              -8;
   343    3.037             -33           -1535               0              -9;
   344    3.046             -26           -1852               0              -9;
   345    3.055             -17           -2096               0              -7;
   346    3.064              -8           -2261               0              -4;
   347    3.072               2           -2341               0              -1;
   348    3.081              11           -2333               0               3;
   349    3.090              21           -2233               0               7;
   350    3.099              29           -2047               0              12;
   351    3.108              36           -1781               0              17;
   352    3.117              43           -1444               0              22;
   353    3.126              47           -1050               0              28;
   354    3.134              50            -614               0              33;
   355    3.143              51            -152               0              37;
   356    3.152              50             316               0              39;
   357    3.161              46             774               0              41;
   358    3.170              41            1201               0              42;
   359    3.179              34            1582               0              42;
   360    3.188              27            1903               0              41;
   361    3.196              18            2152               0              39;
   362    3.205               9            2322               0              37;
   363    3.214              -1            2406               0              35;
   364    3.223             -10            2402               0              32;
   365    3.232             -19            2310               0              30;
   366    3.241             -28            2133               0              28;
   367    3.249             -36            1877               0              25;
   368    3.258             -42            1554               0              24;
   369    3.267             -47            1172               0              23;
   370    3.276             -50             746               0              22;
   371    3.285             -51             294               0              22;
   372    3.294             -50            -167               0              22;
   373    3.303             -47            -622               0              22;
   374    3.311             -42           -1050               0              22;
   375    3.320             -35           -1439               0              22;
   376    3.329             -28           -1774               0              22;
   377    3.338             -19           -2041               0              22;
   378    3.347             -10           -2231               0              22;
   379    3.356              -1           -2338               0              23;
   380    3.365               9           -2358               0              24;
   381    3.373              18           -2287               0              25;
   382    3.382              27           -2128               0              26;
   383    3.391              35           -1886               0              26;
   384    3.400              41           -1570               0              27;
   385    3.409              46           -1191               0              27;
   386    3.418              50            -766               0              28;
   387    3.427              51            -310               0              28;
   388    3.435              50             160               0              28;
   389    3.444              47             624               0              28;
   390    3.453              43            1064               0              28;
   391    3.462              36            1463               0              28;
   392    3.471              29            1805               0              28;
   393    3.480              20            2080               0              27;
   394    3.489              11            2277               0              26;
   395    3.497               2            2389               0              24;
   396    3.506              -8            2415               0              23;
   397    3.515             -17            2350               0              22;
   398    3.524             -26            2200               0              21;
   399    3.533             -34            1969               0              20;
   400    3.542             -40            1666               0              19;
   401    3.551             -46            1303               0              19;
   402    3.559             -49             892               0              18;
   403    3.568             -51             448               0              18;
   404    3.577             -51             -11               0              18;
   405    3.586             -48            -466               0              18;
   406    3.595             -43            -903               0              18;
   407    3.604             -37           -1305               0              19;
   408    3.613             -30           -1655               0              21;
   409    3.621             -22           -1943               0              23;
   410    3.630             -13           -2157               0              25;
   411    3.639              -3           -2290               0              27;
   412    3.648               6           -2335               0              30;
   413    3.657              16           -2293               0              32;
   414    3.666              24           -2160               0              35;
   415    3.674              33           -1944               0              37;
   416    3.683              39           -1650               0              39;
   417    3.692              45           -1291               0              41;
   418    3.701              49            -880               0              42;
   419    3.710              51            -434               0              42;
   420    3.719              51              30               0              42;
   421    3.728              48             494               0              42;
   422    3.736              44             938               0              40;
   423    3.745              38            1346               0              38;
   424    3.754              31            1701               0              35;
   425    3.763              23            1991               0              32;
   426    3.772              14            2207               0              29;
   427    3.781               4            2339               0              26;
   428    3.790              -5            2385               0              23;
   429    3.798             -14            2343               0              21;
   430    3.807             -23            2216               0              18;
   431    3.816             -32            2006               0              16;
   432    3.825             -39            1723               0              13;
   433    3.834             -44            1377               0              11;
   434    3.843             -49             978               0               8;
   435    3.852             -51             544               0               6;
   436    3.860             -51              88               0               3;
   437    3.869             -49            -368               0               1;
   438    3.878             -45            -810               0              -1;
   439    3.887             -39           -1219               0              -2;
   440    3.896             -32           -1581               0              -2;
   441    3.905             -24           -1882               0              -3;
   442    3.914             -15           -2112               0              -3;
   443    3.922              -6           -2263               0               1;
   444    3.931               4           -2327               0               3;
   445    3.940              13           -2304               0               6;
   446    3.949              22           -2192               0              10;
   447    3.958              30           -1994               0              14;
   448    3.967              38           -1718               0              19;
   449    3.976              44           -1375               0              24;
   450    3.984              48            -976               0              29;
   451    3.993              51            -539               0              34;
   452    4.002              51             -79               0              37;
   453    4.011              49             384               0              39;
   454    4.020              45             833               0              40;
   455    4.029              40            1250               0              40;
   456    4.038              33            1618               0              40;
   457    4.046              25            1925               0              38;
   458    4.055              16            2158               0              35;
   459    4.064               7            2312               0              31;
   460    4.073              -3            2380               0              28;
   461    4.082             -12            2360               0              24;
   462    4.091             -21            2255               0              21;
   463    4.099             -29            2066               0              19;
   464    4.108             -37            1801               0              17;
   465    4.117             -43            1470               0              16;
   466    4.126             -48            1084               0              15;
   467    4.135             -51             656               0              14;
   468    4.144             -51             205               0              14;
   469    4.153             -50            -252               0              14;
   470    4.161             -46            -696               0              14;
   471    4.170             -41           -1110               0              14;
   472    4.179             -34           -1481               0              14;
   473    4.188             -26           -1795               0              14;
   474    4.197             -17           -2041               0              16;
   475    4.206              -8           -2210               0              19;
   476    4.215               1           -2295               0              21;
   477    4.223              11           -2294               0              25;
   478    4.232              20           -2203               0              28;
   479    4.241              28           -2028               0              31;
   480    4.250              36           -1773               0              35;
   481    4.259              42           -1447               0              37;
   482    4.268              47           -1064               0              39;
   483    4.277              50            -640               0              41;
   484    4.285              51            -188               0              42;
   485    4.294              50             271               0              42;
   486    4.303              47             720               0              42;
   487    4.312              42            1143               0              42;
   488    4.321              35            1521               0              41;
   489    4.330              27            1839               0              40;
   490    4.339              19            2087               0              38;
   491    4.347               9            2257               0              36;
   492    4.356               0            2342               0              33;
   493    4.365              -9            2341               0              30;
   494    4.374             -19            2254               0              28;
   495    4.383             -27            2084               0              25;
   496    4.392             -35            1837               0              22;
   497    4.401             -42            1523               0              20;
   498    4.409             -47            1151               0              17;
   499    4.418             -50             735               0              15;
   500    4.427             -51             293               0              13;
   501    4.436             -50            -160               0              12;
   502    4.445             -47            -606               0              10;
   503    4.454             -42           -1026               0              10;
   504    4.463             -36           -1408               0              10;
   505    4.471             -28           -1735               0              10;
   506    4.480             -20           -1998               0              10;
   507    4.489             -11           -2184               0              12;
   508    4.498              -1           -2288               0              14;
   509    4.507               8           -2306               0              18;
   510    4.516              17           -2234               0              21;
   511    4.524              26           -2077               0              25;
   512    4.533              34           -1839               0              29;
   513    4.542              41           -1528               0              34;
   514    4.551              46           -1156               0              37;
   515    4.560              50            -738               0              40;
   516    4.569              51            -290               0              43;
   517    4.578              50             171               0              44;
   518    4.586              48             627               0              45;
   519    4.595              43            1058               0              45;
   520    4.604              37            1447               0              45;
   521    4.613              29            1781               0              45;
   522    4.622              21            2045               0              44;
   523    4.631              12            2232               0              42;
   524    4.640               3            2336               0              40;
   525    4.648              -7            2352               0              37;
   526    4.657             -16            2282               0              34;
   527    4.666             -25            2129               0              31;
   528    4.675             -33            1897               0              28;
   529    4.684             -40            1596               0              25;
   530    4.693             -45            1235               0              22;
   531    4.702             -49             826               0              19;
   532    4.710             -51             387               0              16;
   533    4.719             -51             -67               0              14;
   534    4.728             -48            -519               0              13;
   535    4.737             -44            -948               0              12;
   536    4.746             -38           -1342               0              11;
   537    4.755             -31           -1684               0              11;
   538    4.764             -22           -1962               0              11;
   539    4.772             -13           -2166               0              11;
   540    4.781              -4           -2289               0              12;
   541    4.790               6           -2325               0              13;
   542    4.799              15           -2273               0              15;
   543    4.808              24           -2134               0              18;
   544    4.817              32           -1911               0              21;
   545    4.826              39           -1614               0              23;
   546    4.834              45           -1253               0              26;
   547    4.843              49            -842               0              29;
   548    4.852              51            -398               0              31;
   549    4.861              51              63               0              34;
   550    4.870              49             522               0              35;
   551    4.879              44             960               0              35;
   552    4.888              39            1361               0              35;
   553    4.896              32            1708               0              35;
   554    4.905              23            1991               0              35;
   555    4.914              14            2198               0              33;
   556    4.923               5            2323               0              32;
   557    4.932              -4            2362               0              30;
   558    4.941             -14            2314               0              29;
   559    4.949             -23            2183               0              28;
   560    4.958             -31            1970               0              26;
   561    4.967             -38            1685               0              25;
   562    4.976             -44            1337               0              24;
   563    4.985             -48             938               0              22;
   564    4.994             -51             503               0              21;
   565    5.003             -51              48               0              20;
   566    5.011             -49            -407               0              19;
   567    5.020             -45            -847               0              19;
   568    5.029             -40           -1254               0              19;
   569    5.038             -33           -1613               0              19;
   570    5.047             -25           -1912               0              19;
   571    5.056             -16           -2138               0              20;
   572    5.065              -6           -2284               0              21;
   573    5.073               3           -2344               0              23;
   574    5.082              13           -2316               0              26;
   575    5.091              22           -2197               0              28;
   576    5.100              30           -1994               0              30;
   577    5.109              37           -1713               0              33;
   578    5.118              43           -1364               0              36;
   579    5.127              48            -961               0              38;
   580    5.135              51            -520               0              40;
   581    5.144              51             -57               0              41;
   582    5.153              49             408               0              42;
   583    5.162              46             858               0              42;
   584    5.171              40            1274               0              42;
   585    5.180              34            1641               0              42;
   586    5.189              26            1946               0              42;
   587    5.197              17            2176               0              41;
   588    5.206               8            2326               0              39;
   589    5.215              -2            2388               0              37;
   590    5.224             -11            2363               0              34;
   591    5.233             -20            2252               0              32;
   592    5.242             -29            2057               0              29;
   593    5.251             -36            1787               0              26;
   594    5.259             -43            1451               0              23;
   595    5.268             -47            1060               0              20;
   596    5.277             -50             629               0              17;
   597    5.286             -51             174               0              15;
   598    5.295             -50            -286               0              13;
   599    5.304             -46            -735               0              12;
   600    5.313             -41           -1154               0              11;
   601    5.321             -35           -1529               0              10;
   602    5.330             -27           -1846               0              10;
   603    5.339             -18           -2092               0              10;
   604    5.348              -9           -2260               0              11;
   605    5.357               1           -2343               0              13;
   606    5.366              10           -2337               0              15;
   607    5.374              19           -2241               0              18;
   608    5.383              28           -2060               0              21;
   609    5.392              35           -1798               0              24;
   610    5.401              42           -1466               0              28;
   611    5.410              47           -1076               0              31;
   612    5.419              50            -644               0              34;
   613    5.428              51            -186               0              36;
   614    5.436              50             279               0              38;
   615    5.445              47             734               0              38;
   616    5.454              42            1159               0              39;
   617    5.463              36            1540               0              39;
   618    5.472              28            1861               0              39;
   619    5.481              19            2110               0              38;
   620    5.490              10            2281               0              37;
   621    5.498               1            2367               0              35;
   622    5.507              -9            2365               0              34;
   623    5.516             -18            2277               0              32;
   624    5.525             -27            2106               0              31;
   625    5.534             -34            1856               0              29;
   626    5.543             -41            1540               0              28;
   627    5.552             -46            1166               0              26;
   628    5.560             -50             748               0              25;
   629    5.569             -51             303               0              23;
   630    5.578             -50            -152               0              23;
   631    5.587             -47            -601               0              22;
   632    5.596             -43           -1024               0              22;
   633    5.605             -37           -1408               0              21;
   634    5.614             -29           -1737               0              21;
   635    5.622             -21           -2001               0              21;
   636    5.631             -11           -2190               0              21;
   637    5.640              -2           -2296               0              23;
   638    5.649               7           -2318               0              25;
   639    5.658              17           -2248               0              27;
   640    5.667              25           -2092               0              29;
   641    5.676              33           -1855               0              32;
   642    5.684              40           -1544               0              34;
   643    5.693              46           -1172               0              36;
   644    5.702              49            -754               0              37;
   645    5.711              51            -305               0              38;
   646    5.720              51             158               0              38;
   647    5.729              48             615               0              38;
   648    5.738              43            1048               0              38;
   649    5.746              37            1440               0              38;
   650    5.755              30            1778               0              37;
   651    5.764              22            2048               0              37;
   652    5.773              13            2241               0              35;
   653    5.782               3            2351               0              34;
   654    5.791              -6            2374               0              32;
   655    5.799             -16            2309               0              31;
   656    5.808             -24            2160               0              29;
   657    5.817             -32            1932               0              26;
   658    5.826             -39            1633               0              24;
   659    5.835             -45            1273               0              22;
   660    5.844             -49             865               0              20;
   661    5.853             -51             424               0              17;
   662    5.861             -51             -34               0              16;
   663    5.870             -48            -488               0              15;
   664    5.879             -44            -921               0              15;
   665    5.888             -38           -1317               0              15;
   666    5.897             -31           -1663               0              15;
   667    5.906             -23           -1945               0              15;
   668    5.915             -14           -2154               0              17;
   669    5.923              -5           -2281               0              19;
   670    5.932               5           -2321               0              21;
   671    5.941              14           -2274               0              24;
   672    5.950              23           -2139               0              27;
   673    5.959              31           -1920               0              30;
   674    5.968              39           -1625               0              33;
   675    5.977              44           -1267               0              36;
   676    5.985              49            -858               0              38;
   677    5.994              51            -414               0              40;
   678    6.003              51              47               0              42;
   679    6.012              49             507               0              42;
   680    6.021              45             947               0              43;
   681    6.030              39            1350               0              43;
   682    6.039              32            1700               0              43;
   683    6.047              24            1985               0              43;
   684    6.056              15            2195               0              41;
   685    6.065               6            2323               0              40;
   686    6.074              -4            2363               0              39;
   687    6.083             -13            2316               0              37;
   688    6.092             -22            2186               0              35;
   689    6.101             -30            1975               0              31;
   690    6.109             -38            1692               0              29;
   691    6.118             -44            1347               0              25;
   692    6.127             -48             950               0              22;
   693    6.136             -51             517               0              19;
   694    6.145             -51              64               0              15;
   695    6.154             -49            -390               0              13;
   696    6.163             -46            -829               0              11;
   697    6.171             -40           -1235               0               9;
   698    6.180             -33           -1592               0               8;
   699    6.189             -25           -1889               0               8;
   700    6.198             -16           -2114               0               8;
   701    6.207              -7           -2259               0               8;
   702    6.216               2           -2319               0              10;
   703    6.224              12           -2292               0              11;
   704    6.233              21           -2176               0              13;
   705    6.242              29           -1976               0              16;
   706    6.251              37           -1699               0              19;
   707    6.260              43           -1355               0              21;
   708    6.269              48            -956               0              25;
   709    6.278              50            -519               0              28;
   710    6.286              51             -60               0              30;
   711    6.295              50             402               0              33;
   712    6.304              46             848               0              34;
   713    6.313              41            1262               0              35;
   714    6.322              34            1628               0              35;
   715    6.331              26            1932               0              35;
   716    6.340              18            2165               0              35;
   717    6.348               8            2318               0              34;
   718    6.357              -1            2385               0              32;
   719    6.366             -11            2365               0              31;
   720    6.375             -20            2260               0              30;
   721    6.384             -28            2071               0              28;
   722    6.393             -36            1806               0              27;
   723    6.402             -42            1476               0              26;
   724    6.410             -47            1091               0              24;
   725    6.419             -50             664               0              24;
   726    6.428             -51             214               0              23;
   727    6.437             -50            -244               0              22;
   728    6.446             -47            -693               0              22;
   729    6.455             -42           -1113               0              22;
   730    6.464             -35           -1490               0              22;
   731    6.472             -27           -1809               0              22;
   732    6.481             -19           -2060               0              22;
   733    6.490             -10           -2233               0              23;
   734    6.499              -0           -2322               0              25;
   735    6.508               9           -2325               0              27;
   736    6.517              18           -2237               0              28;
   737    6.526              27           -2063               0              30;
   738    6.534              35           -1809               0              31;
   739    6.543              41           -1484               0              33;
   740    6.552              46           -1099               0              34;
   741    6.561              50            -671               0              34;
   742    6.570              51            -216               0              34;
   743    6.579              50             249               0              34;
   744    6.588              47             704               0              34;
   745    6.596              42            1132               0              34;
   746    6.605              36            1518               0              34;
   747    6.614              28            1844               0              33;
   748    6.623              20            2102               0              32;
   749    6.632              11            2282               0              31;
   750    6.641               1            2376               0              30;
   751    6.649              -8            2386               0              28;
   752    6.658             -17            2310               0              27;
   753    6.667             -26            2149               0              25;
   754    6.676             -34            1908               0              23;
   755    6.685             -41            1599               0              22;
   756    6.694             -46            1228               0              20;
   757    6.703             -50             811               0              19;
   758    6.711             -51             364               0              18;
   759    6.720             -51             -96               0              17;
   760    6.729             -48            -552               0              17;
   761    6.738             -43            -984               0              17;
   762    6.747             -37           -1379               0              17;
   763    6.756             -30           -1720               0              18;
   764    6.765             -21           -1997               0              20;
   765    6.773             -12           -2199               0              21;
   766    6.782              -3           -2318               0              24;
   767    6.791               7           -2350               0              26;
   768    6.800              16           -2292               0              29;
   769    6.809              25           -2145               0              31;
   770    6.818              33           -1915               0              33;
   771    6.827              40           -1610               0              35;
   772    6.835              45           -1242               0              36;
   773    6.844              49            -826               0              36;
   774    6.853              51            -376               0              36;
   775    6.862              51              89               0              36;
   776    6.871              48             551               0              36;
   777    6.880              44             991               0              36;
   778    6.889              38            1393               0              35;
   779    6.897              31            1739               0              33;
   780    6.906              22            2019               0              32;
   781    6.915              13            2224               0              30;
   782    6.924               4            2343               0              29;
   783    6.933              -6            2377               0              27;
   784    6.942             -15            2324               0              25;
   785    6.951             -24            2187               0              23;
   786    6.959             -32            1969               0              21;
   787    6.968             -39            1680               0              20;
   788    6.977             -45            1330               0              18;
   789    6.986             -49             930               0              16;
   790    6.995             -51             498               0              15;
   791    7.004             -51              48               0              14;
   792    7.013             -49            -401               0              14;
   793    7.021             -45            -834               0              14;
   794    7.030             -39           -1233               0              14;
   795    7.039             -32           -1585               0              14;
   796    7.048             -24           -1877               0              16;
   797    7.057             -15           -2098               0              19;
   798    7.066              -5           -2241               0              22;
   799    7.074               4           -2298               0              25;
   800    7.083              14           -2270               0              29;
   801    7.092              23           -2153               0              32;
   802    7.101              31           -1952               0              36;
   803    7.110              38           -1675               0              38;
   804    7.119              44           -1330               0              41;
   805    7.128              48            -933               0              42;
   806    7.136              51            -498               0              43;
   807    7.145              51             -42               0              43;
   808    7.154              49             416               0              43;
   809    7.163              45             858               0              43;
   810    7.172              40            1268               0              42;
   811    7.181              33            1628               0              40;
   812    7.190              25            1926               0              38;
   813    7.198              16            2152               0              36;
   814    7.207               7            2297               0              34;
   815    7.216              -3            2357               0              31;
   816    7.225             -12            2331               0              29;
   817    7.234             -21            2219               0              27;
   818    7.243             -30            2026               0              24;
   819    7.252             -37            1758               0              22;
   820    7.260             -43            1427               0              19;
   821    7.269             -48            1041               0              17;
   822    7.278             -51             616               0              15;
   823    7.287             -51             169               0              13;
   824    7.296             -50            -285               0              12;
   825    7.305             -46            -728               0              11;
   826    7.314             -41           -1141               0              11;
   827    7.322             -34           -1511               0              11;
   828    7.331             -26           -1822               0              12;
   829    7.340             -17           -2062               0              13;
   830    7.349              -8           -2225               0              15;
   831    7.358               2           -2303               0              18;
   832    7.367              11           -2295               0              21;
   833    7.376              20           -2197               0              24;
   834    7.384              29           -2014               0              27;
   835    7.393              36           -1753               0              31;
   836    7.402              42           -1422               0              34;
   837    7.411              47           -1034               0              36;
   838    7.420              50            -605               0              38;
   839    7.429              51            -152               0              40;
   840    7.438              50             310               0              41;
   841    7.446              46             759               0              41;
   842    7.455              41            1178               0              41;
   843    7.464              35            1551               0              41;
   844    7.473              27            1865               0              40;
   845    7.482              18            2109               0              38;
   846    7.491               9            2273               0              37;
   847    7.499              -0            2353               0              35;
   848    7.508             -10            2345               0              32;
   849    7.517             -19            2252               0              30;
   850    7.526             -28            2076               0              27;
   851    7.535             -35            1823               0              24;
   852    7.544             -42            1504               0              22;
   853    7.553             -47            1127               0              19;
   854    7.561             -50             711               0              16;
   855    7.570             -51             269               0              14;
   856    7.579             -50            -182               0              12;
   857    7.588             -47            -625               0              11;
   858    7.597             -42           -1043               0              10;
   859    7.606             -36           -1422               0              10;
   860    7.615             -28           -1748               0              10;
   861    7.623             -20           -2008               0              10;
   862    7.632             -10           -2193               0              11;
   863    7.641              -1           -2294               0              13;
   864    7.650               9           -2310               0              15;
   865    7.659              18           -2236               0              18;
   866    7.668              26           -2075               0              21;
   867    7.677              34           -1832               0              25;
   868    7.685              41           -1517               0              29;
   869    7.694              46           -1141               0              33;
   870    7.703              50            -720               0              36;
   871    7.712              51            -269               0              39;
   872    7.721              50             194               0              41;
   873    7.730              48             649               0              43;
   874    7.739              43            1079               0              43;
   875    7.747              37            1468               0              43;
   876    7.756              29            1799               0              43;
   877    7.765              21            2063               0              43;
   878    7.774              12            2248               0              42;
   879    7.783               2            2348               0              40;
   880    7.792              -7            2363               0              38;
   881    7.801             -17            2289               0              36;
   882    7.809             -25            2132               0              34;
   883    7.818             -33            1896               0              32;
   884    7.827             -40            1591               0              30;
   885    7.836             -46            1225               0              27;
   886    7.845             -49             812               0              25;
   887    7.854             -51             367               0              23;
   888    7.863             -51             -91               0              22;
   889    7.871             -48            -547               0              21;
   890    7.880             -44            -980               0              20;
   891    7.889             -38           -1377               0              19;
   892    7.898             -30           -1721               0              19;
   893    7.907             -22           -2001               0              19;
   894    7.916             -13           -2205               0              19;
   895    7.924              -4           -2327               0              19;
   896    7.933               6           -2361               0              20;
   897    7.942              15           -2305               0              22;
   898    7.951              24           -2160               0              24;
   899    7.960              32           -1932               0              26;
   900    7.969              39           -1628               0              27;
   901    7.978              45           -1260               0              29;
   902    7.986              49            -842               0              30;
   903    7.995              51            -391               0              31;
   904    8.004              51              76               0              32;
   905    8.013              48             540               0              32;
   906    8.022              44             983               0              32;
   907    8.031              38            1388               0              32;
   908    8.040              31            1737               0              31;
   909    8.048              23            2023               0              31;
   910    8.057              14            2233               0              29;
   911    8.066               5            2360               0              28;
   912    8.075              -5            2400               0              27;
   913    8.084             -14            2352               0              26;
   914    8.093             -23            2219               0              25;
   915    8.102             -31            2004               0              24;
   916    8.110             -38            1716               0              24;
   917    8.119             -44            1365               0              23;
   918    8.128             -49             961               0              23;
   919    8.137             -51             521               0              23;
   920    8.146             -51              62               0              23;
   921    8.155             -49            -397               0              23;
   922    8.164             -45            -840               0              23;
   923    8.172             -39           -1248               0              23;
   924    8.181             -32           -1607               0              23;
   925    8.190             -24           -1905               0              25;
   926    8.199             -15           -2130               0              26;
   927    8.208              -6           -2275               0              28;
   928    8.217               3           -2334               0              30;
   929    8.226              13           -2307               0              32;
   930    8.234              22           -2190               0              33;
   931    8.243              30           -1989               0              35;
   932    8.252              37           -1710               0              36;
   933    8.261              44           -1363               0              36;
   934    8.270              48            -962               0              37;
   935    8.279              51            -524               0              37;
   936    8.288              51             -64               0              37;
   937    8.296              49             399               0              35;
   938    8.305              46             847               0              34;
   939    8.314              40            1262               0              32;
   940    8.323              33            1627               0              30;
   941    8.332              25            1931               0              28;
   942    8.341              17            2162               0              25;
   943    8.349               7            2312               0              23;
   944    8.358              -2            2377               0              21;
   945    8.367             -12            2355               0              18;
   946    8.376             -21            2247               0              16;
   947    8.385             -29            2056               0              14;
   948    8.394             -37            1790               0              12;
   949    8.403             -43            1459               0              10;
   950    8.411             -48            1073               0               8;
   951    8.420             -50             647               0               7]
